Eidgenössisches Departement des Innern EDI
Bundesamt für Meteorologie und Klimatologie
MeteoSchweiz

Erstellungsdatum: 17.12.2021 / Stand: 01.01.2022

Monatswerte Frosttage (Minimum tiefer als 0 Grad C) / Anzahl / Normwerte 1961-1990

Station	Stationshöhe [m]	CH Koordinaten	Referenzperiode	Jan	Feb	Mar	Apr	Mai	Jun	Jul	Aug	Sep	Okt	Nov	Dez	Jahr
Adelboden	1321	2609371 / 1148939	01.1961-12.1990	28.6	25.9	25.2	18.0	5.3	0.6	0.1	0.1	0.8	6.3	19.0	26.1	156.0
Altdorf	437	2690180 / 1193563	01.1961-12.1990	24.6	18.2	14.4	5.4	0.5	0.1	0.0	0.0	0.0	1.2	12.4	23.0	99.8
Arosa	1878	2771030 / 1184830	01.1961-12.1990	30.7	27.7	29.4	21.8	11.0	4.0	0.6	0.5	4.3	11.4	23.3	29.0	193.7
Bad Ragaz	496	2756911 / 1209350	01.1961-12.1990	23.1	18.1	12.0	3.3	0.3	0.0	0.0	0.0	0.0	1.2	10.5	21.1	89.6
Basel / Binningen	316	2610908 / 1265611	01.1961-12.1990	18.8	14.6	9.4	2.5	0.2	0.0	0.0	0.0	0.0	0.8	7.6	16.5	70.4
Bern / Zollikofen	552	2601934 / 1204409	01.1961-12.1990	26.5	21.2	16.9	7.2	0.6	0.1	0.0	0.0	0.0	2.5	15.1	24.9	115.0
Biel/Bienne	433	2586260 / 1218840	01.1961-12.1990	21.3	16.6	11.5	2.9	0.1	0.0	0.0	0.0	0.0	0.7	8.4	18.7	80.2
Buchs / Aarau	386	2648396 / 1248369	01.1961-12.1990	22.3	18.3	14.4	5.0	0.4	0.0	0.0	0.0	0.2	1.4	9.4	19.5	90.9
Buffalora	1971	2816494 / 1170254	01.1961-12.1990	31.0	28.3	30.8	29.6	23.8	11.1	6.5	6.8	15.5	27.0	29.6	31.0	271.0
Chaumont	1136	2565060 / 1211006	01.1961-12.1990	27.0	23.1	21.6	13.1	2.1	0.1	0.0	0.0	0.1	4.3	17.1	23.9	132.4
Chur	556	2759466 / 1193152	01.1961-12.1990	24.0	18.1	11.3	3.9	0.3	0.0	0.0	0.0	0.0	1.5	12.4	23.0	94.5
Château-d'Oex	1028	2577040 / 1147654	01.1961-12.1990	28.9	25.5	24.8	16.2	3.6	0.3	0.0	0.0	1.0	7.4	21.6	27.6	156.9
Col du Grand St-Bernard	2472	2579191 / 1079754	01.1961-12.1990	31.0	28.2	30.9	29.2	23.2	11.4	4.2	4.3	8.7	18.0	28.1	30.3	247.5
Davos	1594	2783519 / 1187458	01.1961-12.1990	31.0	28.1	30.1	25.3	12.7	3.4	0.5	0.7	4.8	15.7	27.6	30.6	210.5
Delémont	439	2593269 / 1244543	01.1961-12.1990	22.6	18.2	15.6	8.1	1.4	0.1	0.0	0.0	0.4	3.2	14.0	21.7	105.3
Disentis	1197	2708190 / 1173793	01.1961-12.1990	28.0	24.5	22.5	13.1	2.2	0.3	0.0	0.0	0.3	4.3	17.0	25.5	137.7
Einsiedeln	910	2699983 / 1221068	01.1961-12.1990	28.8	25.2	23.0	12.9	1.6	0.1	0.0	0.0	0.3	5.0	19.2	26.6	142.7
Fey	737	2586724 / 1115180	01.1961-12.1990	22.8	17.0	11.8	3.9	0.1	0.0	0.0	0.0	0.0	0.3	8.7	19.3	83.9
Fribourg / Grangeneuve	650	2575183 / 1180076	01.1961-12.1990	24.7	19.6	16.9	8.2	0.9	0.0	0.0	0.0	0.4	2.7	14.6	23.0	111.0
Genève / Cointrin	410	2498904 / 1122631	01.1961-12.1990	21.5	17.7	14.3	4.1	0.3	0.0	0.0	0.0	0.0	1.2	9.5	18.2	86.8
Glarus	516	2723756 / 1210567	01.1961-12.1990	24.6	19.1	13.3	4.2	0.3	0.0	0.0	0.0	0.0	1.4	12.5	22.7	98.1
Grächen	1605	2630738 / 1116062	01.1961-12.1990	NA	NA	NA	NA	NA	NA	NA	0.0	0.5	5.5	19.3	27.8	NA
Gstaad	1100	2586999 / 1143000	01.1961-12.1990	28.9	25.5	25.3	18.0	4.1	0.1	0.0	0.0	1.1	9.8	22.6	28.0	163.4
Gütsch, Andermatt	2286	2690087 / 1167480	01.1961-12.1990	30.8	27.9	30.3	28.1	19.9	9.7	4.2	4.0	8.2	14.7	26.3	29.5	233.6
Güttingen	440	2738422 / 1273962	01.1961-12.1990	23.8	19.8	14.1	4.5	0.3	0.0	0.0	0.0	0.0	1.0	10.8	21.5	95.8
Hallau	419	2677456 / 1283471	01.1961-12.1990	26.4	22.5	17.8	7.7	0.8	0.0	0.0	0.0	0.0	3.1	14.2	23.6	116.1
Interlaken	577	2633023 / 1169091	01.1961-12.1990	25.2	20.0	14.5	4.3	0.3	0.0	0.0	0.0	0.0	1.4	12.6	23.0	101.3
Jungfraujoch	3571	2641938 / 1155287	01.1961-12.1990	31.0	28.3	31.0	30.0	30.8	28.5	24.8	25.5	27.6	30.2	30.0	31.0	348.7
Koppigen	485	2612663 / 1218664	01.1961-12.1990	26.2	20.7	16.6	6.8	0.8	0.1	0.0	0.0	0.3	2.8	14.2	23.6	112.1
La Brévine	1050	2536981 / 1203974	01.1961-12.1990	28.9	26.4	27.7	23.3	13.8	6.9	2.5	2.3	6.9	16.6	24.2	28.6	208.1
La Chaux-de-Fonds	1017	2550919 / 1214861	01.1961-12.1990	28.5	25.3	24.2	14.8	3.8	0.5	0.0	0.0	1.0	6.7	19.6	26.3	150.7
Locarno / Monti	366	2704166 / 1114315	01.1961-12.1990	12.9	7.7	2.4	0.1	0.0	0.0	0.0	0.0	0.0	0.0	2.1	10.3	35.5
Lugano	273	2717874 / 1095882	01.1961-12.1990	13.4	7.2	2.1	0.0	0.0	0.0	0.0	0.0	0.0	0.0	1.7	10.5	34.9
Luzern	454	2665544 / 1209849	01.1961-12.1990	24.2	19.4	13.1	3.3	0.1	0.0	0.0	0.0	0.0	0.6	10.4	21.4	92.5
Magadino / Cadenazzo	203	2715479 / 1113160	01.1961-12.1990	26.2	19.4	11.2	2.1	0.1	0.0	0.0	0.0	0.0	3.2	14.9	25.3	102.4
Meiringen	588	2655844 / 1175929	01.1961-12.1990	30.0	25.8	21.6	8.5	0.8	0.0	0.0	0.0	0.0	3.7	18.9	28.5	137.8
Montana	1422	2601708 / 1127488	01.1961-12.1990	30.3	26.9	26.6	17.0	5.4	0.7	0.0	0.0	1.1	6.6	19.8	27.5	161.9
Montreux-Clarens	405	2558559 / 1143600	01.1961-12.1990	15.6	12.1	5.9	0.8	0.0	0.0	0.0	0.0	0.0	0.0	4.2	14.7	53.3
Neuchâtel	485	2563086 / 1205559	01.1961-12.1990	18.0	14.2	8.6	1.5	0.0	0.0	0.0	0.0	0.0	0.1	6.0	16.2	64.6
Nyon / Changins	458	2506877 / 1139573	01.1961-12.1990	20.7	16.0	10.5	3.3	0.2	0.0	0.0	0.0	0.0	0.3	7.2	17.5	75.7
Payerne	490	2562130 / 1184611	01.1961-12.1990	23.7	18.8	14.6	6.4	0.6	0.0	0.0	0.0	0.1	2.0	12.0	21.1	99.3
Piotta	990	2695880 / 1152264	01.1961-12.1990	29.3	25.9	21.8	9.1	0.8	0.0	0.0	0.0	0.2	3.8	19.2	27.2	137.3
Poschiavo / Robbia	1078	2801993 / 1136248	01.1961-12.1990	29.7	26.9	23.8	10.8	2.1	0.2	0.0	0.0	0.8	7.4	21.5	28.5	151.7
Pully	455	2540819 / 1151510	01.1961-12.1990	14.8	10.9	6.0	0.9	0.0	0.0	0.0	0.0	0.0	0.0	3.9	12.8	49.3
Rheinfelden	300	2626970 / 1266320	01.1961-12.1990	23.5	18.6	14.3	5.6	0.8	0.0	0.0	0.0	0.1	1.3	11.9	21.3	97.4
Samedan	1708	2787250 / 1155684	01.1961-12.1990	30.9	28.1	30.7	27.3	18.0	8.4	4.4	5.0	14.3	25.1	29.3	30.6	252.1
Schaffhausen	438	2688703 / 1282803	01.1961-12.1990	22.8	18.6	12.8	3.6	0.2	0.0	0.0	0.0	0.0	1.6	10.9	20.1	90.6
Sion	482	2591632 / 1118583	01.1961-12.1990	23.4	18.2	11.7	2.4	0.2	0.0	0.0	0.0	0.0	3.2	14.9	23.5	97.5
St. Gallen	775	2747865 / 1254587	01.1961-12.1990	24.4	19.9	15.1	7.3	0.5	0.0	0.0	0.0	0.0	1.5	12.6	22.1	103.4
Sta. Maria, Val Müstair	1386	2828862 / 1165579	01.1961-12.1990	29.8	26.9	25.0	13.0	1.7	0.1	0.0	0.0	0.4	6.0	21.4	28.1	152.4
Säntis	2501	2744188 / 1234920	01.1961-12.1990	30.9	28.2	30.5	28.7	23.0	14.0	8.4	7.7	11.6	17.2	27.1	30.4	257.7
Zürich / Fluntern	555	2685117 / 1248065	01.1961-12.1990	22.1	17.4	11.7	3.6	0.1	0.0	0.0	0.0	0.0	0.4	8.9	19.1	83.3
Zürich / Kloten	426	2682711 / 1259338	01.1961-12.1990	25.8	21.6	17.8	7.7	0.9	0.0	0.0	0.0	0.1	2.5	14.2	23.4	114.0

