Eidgenössisches Departement des Innern EDI
Bundesamt für Meteorologie und Klimatologie
MeteoSchweiz

Erstellungsdatum: 08.01.2024 / Stand: 01.01.2024

Monatswerte Tage mit Niederschlag (>= 1mm) / Anzahl / Normwerte 1961-1990

Station	Stationshöhe [m]	CH Koordinaten	Referenzperiode	Jan	Feb	Mar	Apr	Mai	Jun	Jul	Aug	Sep	Okt	Nov	Dez	Jahr
Aadorf / Tänikon	539	2710518 / 1259824	01.1961-12.1990	11.5	10.3	11.7	12.0	13.3	12.6	11.5	12.3	8.8	8.6	10.9	11.0	134.5
Aarberg	444	2588354 / 1211894	01.1961-12.1990	11.0	10.1	11.7	11.2	12.9	11.3	9.3	10.7	8.3	8.5	10.0	10.3	125.3
Acquarossa / Comprovasco	575	2714985 / 1146450	01.1961-12.1990	6.6	6.9	7.5	9.3	11.8	10.4	8.8	10.5	7.6	7.6	8.3	6.2	101.5
Adelboden	1321	2609371 / 1148939	01.1961-12.1990	11.6	10.7	13.0	13.2	15.1	15.5	14.4	14.0	9.9	8.8	10.9	11.2	148.3
Affeltrangen	541	2718739 / 1266351	01.1961-12.1990	12.0	10.3	11.1	11.9	13.5	12.6	11.8	11.9	8.6	8.7	10.3	10.6	133.3
Affoltern i. E.	755	2622940 / 1212500	01.1961-12.1990	12.2	11.5	13.3	12.9	14.2	12.8	10.7	11.9	8.9	8.6	11.3	11.4	139.7
Aigle	381	2560403 / 1130713	01.1961-12.1990	10.4	8.9	10.7	10.5	12.1	11.8	10.0	11.4	8.3	7.9	10.2	10.1	122.3
Airolo	1139	2688910 / 1153417	01.1961-12.1990	9.4	9.7	10.2	10.8	13.0	11.1	9.5	10.6	8.7	9.3	10.2	9.2	121.7
Allenwinden, TG	865	2713800 / 1249549	01.1961-12.1990	14.4	12.7	14.1	14.1	14.9	14.2	13.0	13.4	10.2	10.1	13.5	12.9	157.5
Alpthal	1015	2696860 / 1212929	01.1961-12.1990	13.5	11.8	14.8	15.2	15.3	16.2	14.6	14.5	10.9	9.8	12.4	12.9	161.9
Altdorf	437	2690180 / 1193563	01.1961-12.1990	10.1	9.3	11.0	12.1	13.1	14.4	13.1	13.2	9.4	8.2	9.5	10.2	133.6
Altmatt	920	2695420 / 1220769	01.1961-12.1990	13.2	12.1	13.9	13.8	14.8	15.8	13.8	14.1	10.2	9.5	11.5	12.2	154.9
Altstätten, SG	430	2759910 / 1250201	01.1961-12.1990	11.9	10.7	11.8	13.0	14.5	14.2	13.5	13.4	10.0	8.3	10.8	11.3	143.4
Alvaneu Dorf	1162	2768985 / 1171899	01.1961-12.1990	8.0	7.3	8.9	9.3	12.5	12.1	12.4	12.8	8.6	7.2	8.6	8.0	115.7
Amriswil	420	2741796 / 1268303	01.1961-12.1990	11.3	10.5	11.4	12.4	13.5	12.9	11.9	12.0	8.9	8.4	10.8	10.9	134.9
Andeer	987	2752692 / 1164037	01.1961-12.1990	6.7	5.8	7.5	8.6	10.6	11.0	10.3	11.4	8.1	6.4	7.0	6.7	100.1
Andelfingen	360	2692617 / 1273392	01.1961-12.1990	10.3	10.1	11.2	11.3	12.6	11.5	10.9	11.7	8.3	8.3	10.4	11.0	127.6
Andermatt	1434	2687444 / 1165043	01.1961-12.1990	11.6	10.9	13.2	14.0	14.1	13.9	12.1	12.8	9.5	9.6	11.4	11.6	144.7
Appenzell	750	2748012 / 1245039	01.1961-12.1990	12.6	11.5	13.6	13.9	15.7	15.4	14.6	14.8	10.6	9.2	11.9	12.3	156.1
Arbon	401	2750506 / 1263114	01.1961-12.1990	11.2	9.8	11.1	12.1	13.5	13.3	12.6	12.1	9.0	8.2	10.4	10.8	134.1
Arisdorf	482	2625317 / 1261859	01.1961-12.1990	12.0	11.0	12.7	12.6	13.7	12.2	10.2	12.0	9.0	9.0	11.1	11.9	137.4
Arosa	1878	2771030 / 1184830	01.1961-12.1990	11.1	9.7	12.3	13.2	14.1	15.4	14.5	14.3	10.1	8.5	10.2	10.1	143.5
Avenches	457	2569652 / 1191910	01.1961-12.1990	10.6	9.6	10.9	10.7	12.5	11.1	9.5	10.2	8.0	8.4	9.8	10.5	121.8
Avers / Am Bach	1993	2761959 / 1146802	01.1961-12.1990	7.7	7.2	9.7	10.6	13.2	13.2	11.8	12.4	8.9	8.1	9.4	8.0	120.2
Bachtel	1110	2709440 / 1239139	01.1961-12.1990	12.8	11.7	13.5	13.6	14.1	14.4	13.2	14.2	10.1	9.1	11.8	12.0	150.5
Bad Ragaz	496	2756911 / 1209350	01.1961-12.1990	9.7	8.8	9.9	11.4	12.5	13.5	12.9	13.3	9.5	7.8	9.5	9.2	128.0
Bad Schwendi	1084	2634140 / 1207460	01.1961-12.1990	13.3	12.4	14.7	14.6	15.4	14.8	12.2	13.1	9.6	9.3	12.1	12.3	153.8
Balsthal	523	2621017 / 1241091	01.1961-12.1990	12.1	10.6	12.5	12.3	13.5	12.6	10.8	11.7	9.1	8.6	11.3	11.7	136.8
Barmelweid	777	2640058 / 1252430	01.1961-12.1990	13.5	11.8	13.4	13.4	13.9	12.9	10.9	12.1	9.3	9.0	11.9	12.3	144.4
Basel / Binningen	316	2610908 / 1265611	01.1961-12.1990	10.1	9.4	10.8	11.3	12.6	10.9	9.5	10.3	8.3	8.4	10.0	9.8	121.4
Baulmes	642	2530055 / 1182443	01.1961-12.1990	12.9	11.8	12.8	11.7	13.5	11.8	9.7	10.6	8.4	9.3	11.0	12.1	135.6
Bauma	667	2710805 / 1247004	01.1961-12.1990	13.5	12.0	13.9	13.7	14.3	14.2	12.9	13.5	10.0	9.6	12.4	12.5	152.5
Bellelay	923	2579603 / 1234880	01.1961-12.1990	13.8	12.4	15.1	14.0	15.5	13.2	11.1	11.7	9.7	10.2	12.4	13.0	152.1
Bellinzona	224	2720913 / 1116587	01.1961-12.1990	6.2	6.4	7.6	9.7	13.0	11.1	9.2	10.0	7.9	8.0	7.9	5.8	102.8
Belp	510	2605082 / 1195000	01.1961-12.1990	10.8	10.3	11.9	12.3	14.0	12.5	11.0	11.3	8.4	8.4	10.2	10.6	131.7
Benken / Doggen	408	2715387 / 1227539	01.1961-12.1990	11.5	10.9	12.4	12.8	14.0	14.5	13.6	13.7	9.8	8.6	10.7	11.1	143.6
Bergün / Latsch	1407	2777274 / 1166618	01.1961-12.1990	8.5	8.2	9.6	10.1	12.4	13.2	12.7	13.6	9.1	7.7	9.0	8.9	123.0
Bern / Zollikofen	552	2601934 / 1204409	01.1961-12.1990	10.0	9.8	11.3	11.6	13.7	11.8	10.0	10.9	8.1	8.0	10.1	10.2	125.5
Bernina / Curtinatsch	2090	2795796 / 1146485	01.1961-12.1990	6.5	6.5	7.0	8.2	11.9	11.2	12.5	11.9	8.0	7.8	7.9	6.3	105.7
Beromünster	642	2657200 / 1228760	01.1961-12.1990	11.8	11.2	12.6	12.7	13.7	13.2	11.3	12.5	8.4	8.5	11.0	11.2	138.1
Bex	402	2565805 / 1121511	01.1961-12.1990	10.0	9.4	10.7	10.6	12.2	12.4	10.4	11.5	8.4	8.2	10.0	9.6	123.4
Beznau	327	2659976 / 1267750	01.1961-12.1990	12.9	10.3	11.9	11.7	12.8	11.4	10.3	11.0	8.6	8.4	10.7	11.8	131.8
Biasca	278	2718535 / 1132792	01.1961-12.1990	5.7	6.6	7.2	8.4	11.3	9.9	8.6	9.7	7.5	7.5	7.9	5.5	95.8
Biel/Bienne	433	2586260 / 1218840	01.1961-12.1990	12.2	10.5	11.6	11.2	12.7	11.5	9.8	10.7	8.3	9.1	10.7	11.7	130.0
Binn	1479	2657995 / 1135421	01.1961-12.1990	9.4	9.2	9.0	9.0	11.0	9.2	8.8	10.0	7.1	8.2	9.1	8.9	108.9
Bischofszell / Sitterdorf	507	2737713 / 1263612	01.1961-12.1990	11.3	10.6	11.8	12.6	13.7	13.4	12.3	12.6	9.0	8.5	10.6	10.9	137.3
Bisisthal	856	2705983 / 1200132	01.1961-12.1990	13.3	11.8	14.3	14.8	14.8	16.4	16.1	15.6	11.5	9.9	12.3	12.7	163.5
Bivio	1856	2771282 / 1148119	01.1961-12.1990	9.8	8.9	10.7	11.8	13.1	13.1	12.0	11.9	9.1	8.6	10.0	9.8	128.8
Bière	683	2515887 / 1153211	01.1961-12.1990	11.9	10.5	11.8	10.4	11.7	10.3	8.6	9.2	8.5	9.0	10.1	11.5	123.5
Blatten, Lötschental	1538	2629563 / 1141083	01.1961-12.1990	11.0	9.5	10.8	9.5	11.1	11.0	10.8	11.3	7.6	8.3	9.4	10.4	120.7
Blumenstein	655	2606259 / 1177009	01.1961-12.1990	10.6	10.2	11.8	12.5	14.5	13.9	12.2	13.0	9.3	8.5	10.2	10.0	136.7
Boltigen	820	2595831 / 1163587	01.1961-12.1990	11.5	10.0	11.8	12.2	13.9	14.3	12.2	12.4	9.2	8.4	10.4	11.0	137.3
Bosco/Gurin	1486	2680878 / 1130026	01.1961-12.1990	8.9	9.3	9.8	10.8	14.2	11.8	10.0	11.4	8.8	8.9	9.5	8.5	121.9
Boudevilliers	750	2558094 / 1208130	01.1961-12.1990	12.9	11.1	12.0	11.2	13.1	11.8	10.2	10.4	8.5	9.1	10.9	12.9	134.1
Bourg-St-Pierre	1668	2582152 / 1088263	01.1961-12.1990	9.7	8.8	10.2	9.9	11.7	11.1	10.3	10.6	8.3	8.3	9.2	8.9	117.0
Braggio	1312	2729967 / 1128611	01.1961-12.1990	6.1	6.4	6.9	9.0	12.0	10.2	9.7	9.6	7.2	7.4	7.6	5.3	97.4
Braunau	592	2723115 / 1264786	01.1961-12.1990	12.3	10.9	12.2	13.3	14.0	14.0	12.6	13.1	9.2	9.2	11.7	11.5	144.0
Braunwald	1299	2717942 / 1199650	01.1961-12.1990	12.9	11.9	14.8	14.4	14.6	15.8	16.0	15.4	11.1	9.7	12.2	12.5	161.3
Brienz	567	2647552 / 1176803	01.1961-12.1990	11.1	10.4	12.2	11.9	14.0	14.8	13.8	14.3	9.3	8.7	10.7	11.0	142.2
Brig	665	2640566 / 1129068	01.1961-12.1990	7.7	6.7	6.8	5.9	7.5	7.0	6.4	7.7	5.2	6.3	7.3	7.7	82.2
Brissago	280	2698199 / 1108388	01.1961-12.1990	5.8	6.6	7.5	9.2	12.3	9.8	8.9	9.3	7.8	8.2	8.1	5.6	99.1
Bristen	784	2696223 / 1180372	01.1961-12.1990	11.0	9.5	12.3	13.3	13.9	13.8	13.6	13.7	9.8	9.0	10.9	10.2	141.0
Broc	682	2574681 / 1162098	01.1961-12.1990	10.4	10.0	11.5	11.5	13.8	13.3	10.8	11.8	8.8	8.4	10.3	10.5	131.1
Brusio	856	2806478 / 1127183	01.1961-12.1990	5.4	5.6	6.6	8.5	12.0	11.1	10.2	10.3	7.2	7.1	7.1	5.2	96.3
Bruzella	620	2724090 / 1082488	01.1961-12.1990	6.6	7.1	7.7	11.1	13.1	11.0	8.5	9.8	7.6	7.8	8.3	5.8	104.4
Brülisau	928	2752884 / 1240106	01.1961-12.1990	13.2	11.5	13.6	14.9	15.8	16.0	15.4	14.5	11.1	9.7	12.3	12.9	160.9
Buch, SH	414	2700944 / 1286038	01.1961-12.1990	10.3	8.9	10.5	10.9	12.3	11.0	10.7	11.1	7.7	8.5	10.0	10.1	122.0
Buchs / Aarau	386	2648396 / 1248369	01.1961-12.1990	11.2	10.0	11.7	11.7	12.0	12.2	11.1	11.5	8.5	8.4	10.9	10.9	130.1
Buffalora	1971	2816494 / 1170254	01.1961-12.1990	9.0	8.1	9.1	10.4	12.7	11.5	11.5	11.6	8.1	7.9	9.0	8.7	117.6
Bullet / La Frétaz	1205	2534225 / 1188081	01.1961-12.1990	12.7	10.7	12.2	12.1	13.8	12.6	10.1	11.0	9.0	9.4	10.6	11.6	135.8
Burgdorf	534	2612163 / 1211782	01.1961-12.1990	11.1	10.0	11.8	11.9	13.0	11.2	10.3	10.9	7.9	8.1	10.3	10.6	127.1
Bözberg	536	2652249 / 1259223	01.1961-12.1990	12.6	10.7	12.4	12.2	13.0	11.6	10.4	11.7	8.6	8.8	10.8	11.4	134.2
Bülach	403	2682029 / 1263775	01.1961-12.1990	11.4	10.6	11.8	11.9	13.0	11.7	11.2	11.4	8.6	8.4	10.5	10.8	131.3
Camedo	590	2690295 / 1112206	01.1961-12.1990	6.4	7.3	8.3	10.1	13.7	11.4	9.4	10.5	8.1	8.5	8.5	6.1	108.3
Campocologno	577	2807969 / 1124285	01.1961-12.1990	5.3	5.0	6.5	7.8	11.5	10.7	9.5	9.8	6.8	6.9	6.7	4.8	91.3
Cavaglia	1707	2799866 / 1138474	01.1961-12.1990	7.0	7.3	8.5	9.6	13.1	11.6	10.3	10.9	8.0	7.8	8.6	6.4	109.1
Cevio	417	2689688 / 1130564	01.1961-12.1990	6.8	7.7	8.3	9.7	12.9	11.0	9.8	9.8	7.8	8.4	8.5	7.2	107.9
Cham	442	2677758 / 1226877	01.1961-12.1990	11.1	10.4	11.8	12.6	13.6	13.8	12.3	12.5	8.7	8.6	10.5	10.7	136.6
Chanéaz	765	2546982 / 1175753	01.1961-12.1990	11.4	10.0	11.2	10.6	12.7	11.0	8.7	9.9	7.8	8.8	9.9	10.6	122.6
Chasseral	1594	2570845 / 1220157	01.1961-12.1990	12.3	10.7	13.4	12.2	15.4	13.5	10.1	11.4	9.8	10.2	11.5	12.7	143.2
Chaumont	1136	2565060 / 1211006	01.1961-12.1990	12.5	11.2	12.0	12.2	13.8	12.5	10.5	11.1	8.7	9.0	10.9	12.1	136.5
Chavornay	439	2531886 / 1172741	01.1961-12.1990	10.3	9.6	10.6	9.3	11.8	10.7	9.3	9.5	7.9	8.3	9.3	9.9	116.5
Chur	556	2759488 / 1193181	01.1961-12.1990	7.7	7.0	8.2	8.5	10.6	11.1	10.4	11.6	8.4	6.2	7.5	8.0	105.2
Château-d'Oex	1028	2577040 / 1147654	01.1961-12.1990	11.6	10.7	12.3	12.1	14.4	13.8	11.8	12.6	9.1	8.5	10.6	11.6	139.1
Chéserex	532	2502599 / 1139350	01.1961-12.1990	11.9	10.3	11.6	10.6	12.8	10.8	8.8	10.2	8.8	9.5	10.5	11.1	126.9
Cimetta	1661	2704433 / 1117457	01.1961-12.1990	6.6	7.1	8.3	10.5	13.3	11.2	10.2	11.0	8.3	8.5	8.3	5.5	108.8
Col des Mosses	1412	2573817 / 1137852	01.1961-12.1990	11.6	10.6	12.2	12.2	14.9	13.6	12.0	13.0	9.7	8.6	11.1	11.5	141.0
Col du Grand St-Bernard	2472	2579191 / 1079754	01.1961-12.1990	16.1	15.0	17.2	16.7	16.4	14.0	12.1	12.4	10.4	11.5	14.3	14.5	170.6
Coldrerio	347	2721080 / 1079233	01.1961-12.1990	6.2	6.4	7.6	10.1	12.4	10.3	7.7	9.3	6.9	8.0	8.3	5.8	99.0
Combe-Garot	530	2551202 / 1201470	01.1961-12.1990	12.6	11.3	12.6	11.7	13.6	11.9	10.1	10.8	8.8	9.5	10.7	12.0	135.6
Cossonay	590	2527562 / 1162465	01.1961-12.1990	10.1	9.4	10.6	9.4	12.7	10.2	9.1	9.1	7.8	8.3	9.6	10.4	116.7
Courtelary	695	2573622 / 1225598	01.1961-12.1990	13.3	11.5	13.5	12.7	14.9	12.9	11.1	11.4	9.4	9.9	12.0	13.0	145.6
Courtepin	565	2576279 / 1189930	01.1961-12.1990	11.5	10.8	12.0	12.6	13.5	11.5	10.1	11.1	8.3	8.7	10.8	10.5	131.4
Couvet	728	2540606 / 1198345	01.1961-12.1990	13.0	11.2	13.0	12.3	13.9	13.2	10.5	11.2	9.5	9.8	11.1	12.5	141.2
Croix-de-Rozon	478	2499479 / 1111080	01.1961-12.1990	10.6	9.6	10.7	10.1	12.2	10.1	7.9	9.2	7.8	8.5	9.7	10.0	116.4
Davos	1594	2783519 / 1187458	01.1961-12.1990	9.7	8.3	9.6	10.1	12.6	14.2	13.9	13.6	9.5	7.3	8.9	9.0	126.7
Degersheim	830	2732600 / 1247599	01.1961-12.1990	12.9	11.4	13.4	13.8	15.0	14.9	13.3	13.8	10.1	9.1	12.0	12.2	151.9
Delémont	439	2593269 / 1244543	01.1961-12.1990	10.9	10.5	12.0	12.4	13.8	12.2	10.2	11.5	8.6	8.8	10.9	10.8	132.6
Diessenhofen	404	2696732 / 1283138	01.1961-12.1990	11.1	9.7	10.9	11.2	12.5	11.3	11.1	11.9	8.3	8.8	10.5	10.7	128.0
Dietikon	384	2672890 / 1251864	01.1961-12.1990	11.4	10.4	11.8	12.2	12.7	12.1	11.7	11.7	8.8	8.2	10.2	11.0	132.2
Dischma	1710	2786600 / 1182989	01.1961-12.1990	10.0	8.9	10.3	10.6	12.5	14.2	14.4	13.6	9.8	7.4	9.0	9.4	130.1
Disentis	1197	2708190 / 1173793	01.1961-12.1990	8.9	8.6	10.3	10.9	12.1	11.9	11.2	12.2	9.0	8.4	9.7	9.2	122.4
Ebnat-Kappel	623	2726347 / 1237176	01.1961-12.1990	13.8	12.2	14.4	14.0	15.2	15.2	14.3	14.8	10.5	9.4	12.6	12.8	159.2
Echallens	602	2537462 / 1166422	01.1961-12.1990	11.1	10.1	11.5	10.1	12.3	11.2	8.9	9.7	8.0	8.6	9.9	10.2	121.6
Effretikon	478	2695336 / 1254991	01.1961-12.1990	12.4	10.9	12.0	12.2	13.2	12.3	11.6	12.4	8.9	8.8	11.0	11.4	137.1
Eggersriet	770	2753060 / 1256196	01.1961-12.1990	12.7	11.2	13.1	14.3	14.8	14.8	13.7	13.5	10.3	8.6	11.2	12.3	150.5
Egolzwil	521	2642913 / 1225540	01.1961-12.1990	10.3	10.1	11.8	11.8	13.1	12.4	10.9	11.5	8.3	8.1	10.0	9.8	128.1
Ehrendingen	428	2667833 / 1262320	01.1961-12.1990	12.3	10.6	12.0	12.1	12.7	11.7	10.9	11.5	8.7	8.6	10.8	11.2	133.1
Eigenthal	1114	2659340 / 1203879	01.1961-12.1990	13.7	12.5	15.0	15.0	15.8	16.0	14.0	14.5	10.6	10.0	12.4	13.3	162.8
Einsiedeln	910	2699983 / 1221068	01.1961-12.1990	13.2	12.0	14.2	14.1	15.3	15.3	13.9	14.6	10.4	9.3	11.7	12.7	156.7
Elm	957	2732265 / 1198424	01.1961-12.1990	12.3	10.7	13.3	13.7	15.3	16.0	15.4	15.3	11.3	9.2	11.4	12.0	155.9
Engelberg	1035	2674161 / 1186069	01.1961-12.1990	12.3	11.7	14.0	14.2	15.6	16.1	15.2	14.7	10.9	9.4	11.8	12.0	157.9
Entlebuch	768	2647935 / 1204164	01.1961-12.1990	12.1	11.9	14.0	14.1	15.1	14.8	13.0	13.2	9.5	9.3	11.4	12.0	150.4
Eptingen	618	2627692 / 1247983	01.1961-12.1990	13.2	11.7	14.0	13.3	14.5	13.2	11.5	12.8	9.3	9.5	12.0	12.1	147.1
Eriswil	729	2631275 / 1214794	01.1961-12.1990	11.8	11.1	13.0	13.3	15.0	13.7	11.4	12.3	9.0	8.7	11.1	10.9	141.3
Erlenbach im Simmental	732	2606536 / 1167474	01.1961-12.1990	12.2	10.5	12.7	12.8	14.6	14.9	12.5	13.4	9.5	8.6	10.8	11.5	144.0
Ermatingen	400	2723880 / 1281419	01.1961-12.1990	11.9	10.6	11.3	11.7	13.9	11.7	11.4	11.4	8.3	8.7	10.6	11.2	132.7
Eschenz	414	2707844 / 1278214	01.1961-12.1990	10.8	9.5	11.0	11.4	12.3	11.1	10.7	11.4	8.2	8.5	10.1	10.4	125.4
Eschlikon	579	2715684 / 1256830	01.1961-12.1990	12.2	10.9	12.1	13.0	13.5	13.1	12.0	12.8	9.1	8.8	11.7	11.6	140.8
Escholzmatt	840	2637850 / 1194828	01.1961-12.1990	12.7	12.2	14.1	14.3	15.5	15.1	13.3	13.3	9.7	8.9	11.8	12.1	153.0
Euthal	910	2704729 / 1217362	01.1961-12.1990	13.6	12.1	14.5	14.5	15.5	16.1	15.1	14.6	10.6	9.6	12.0	13.1	161.3
Evolène	1375	2604719 / 1106509	01.1961-12.1990	8.3	8.6	8.0	8.5	10.0	10.6	9.5	10.8	7.5	6.9	7.6	7.6	103.9
Fahy	596	2562464 / 1252675	01.1961-12.1990	12.9	10.9	13.2	12.8	14.3	12.5	10.3	11.3	9.4	9.9	11.4	12.4	141.3
Faido	747	2704950 / 1148265	01.1961-12.1990	7.5	8.0	8.3	9.1	11.8	10.3	8.8	10.3	7.7	8.2	9.0	7.4	106.4
Fey	737	2586724 / 1115180	01.1961-12.1990	6.9	6.0	6.5	6.0	7.4	7.6	8.0	7.9	5.6	5.7	6.7	7.1	81.4
Fieschertal	1175	2653989 / 1142081	01.1961-12.1990	8.7	8.2	8.7	7.8	10.4	8.8	8.3	9.6	7.1	7.5	8.8	9.0	102.9
Filisur	1030	2772250 / 1171319	01.1961-12.1990	7.8	6.7	8.1	8.9	11.1	12.1	11.9	12.3	8.3	6.9	8.0	7.8	109.9
Finhaut	1236	2564168 / 1103582	01.1961-12.1990	10.6	9.5	11.1	10.6	12.5	12.2	11.4	12.6	8.8	8.2	10.0	10.2	127.7
Fionnay	1500	2589959 / 1097765	01.1961-12.1990	11.0	9.9	12.0	12.5	13.2	12.8	11.6	12.2	8.9	9.1	10.4	10.2	133.8
Flawil	571	2733136 / 1252977	01.1961-12.1990	12.4	11.1	13.1	13.3	14.2	14.2	13.3	13.3	9.6	8.9	11.4	12.0	146.8
Flims	1056	2740706 / 1188588	01.1961-12.1990	11.6	10.0	12.0	12.7	13.2	13.5	13.0	12.8	9.8	8.7	10.6	10.9	138.8
Flühli, LU	939	2644332 / 1193311	01.1961-12.1990	13.0	11.9	14.3	14.0	15.9	15.7	14.1	13.9	9.8	9.2	11.9	12.4	156.1
Frauenfeld	393	2709480 / 1270169	01.1961-12.1990	11.0	10.4	11.3	11.4	12.7	12.4	11.2	12.0	8.6	8.2	10.4	10.9	130.5
Fribourg / Grangeneuve	650	2575183 / 1180076	01.1961-12.1990	9.9	10.2	11.2	11.2	14.2	12.0	10.3	10.7	8.3	8.2	10.1	9.8	126.1
Frick	344	2643355 / 1262699	01.1961-12.1990	12.6	10.6	12.5	12.0	13.3	11.8	10.7	11.8	8.7	8.6	11.0	11.7	135.3
Fruence	810	2558813 / 1152867	01.1961-12.1990	11.4	10.9	12.4	12.2	13.7	11.9	10.0	10.9	8.6	9.0	10.7	10.9	132.6
Frutigen	756	2616773 / 1160883	01.1961-12.1990	10.7	10.2	12.3	12.8	14.4	15.1	13.5	13.6	9.3	8.7	10.5	10.8	141.9
Fräschels	454	2582300 / 1205070	01.1961-12.1990	10.7	9.8	11.4	11.0	13.0	11.1	9.6	10.5	7.7	8.7	10.2	10.4	124.1
Gadmen	1190	2669740 / 1176589	01.1961-12.1990	12.6	11.3	13.6	13.4	15.4	15.7	15.0	15.3	10.3	9.1	11.4	12.1	155.2
Gempen, SO	587	2616269 / 1260413	01.1961-12.1990	12.3	11.5	13.3	13.5	14.7	12.8	10.4	12.0	9.2	9.7	11.4	11.6	142.4
Genève / Aïre	376	2495934 / 1116925	01.1961-12.1990	10.3	9.6	10.1	9.5	11.1	9.5	7.5	8.5	7.7	8.4	9.5	9.8	111.5
Genève / Cointrin	410	2498904 / 1122631	01.1961-12.1990	10.5	9.3	10.3	9.3	11.2	9.8	7.8	8.9	7.6	8.4	9.8	10.1	113.0
Giswil	471	2657323 / 1188976	01.1961-12.1990	10.8	10.4	13.2	12.7	14.1	14.4	13.4	14.4	9.8	8.8	10.7	11.4	144.1
Glarus	516	2723756 / 1210567	01.1961-12.1990	11.7	10.3	12.3	13.0	14.5	15.1	15.1	14.7	10.9	8.9	10.9	10.8	148.2
Grimentz	1512	2610767 / 1114288	01.1961-12.1990	8.8	8.3	9.0	8.6	10.4	10.5	9.5	10.9	7.4	7.0	7.8	8.5	106.7
Grimsel Hospiz	1980	2668583 / 1158214	01.1961-12.1990	13.7	13.0	15.7	14.5	15.6	15.1	14.1	14.4	10.8	10.4	12.3	13.4	163.0
Grindelwald	1107	2643511 / 1163246	01.1961-12.1990	11.2	10.3	12.4	12.1	14.6	15.0	14.2	14.6	10.1	9.0	10.3	10.3	144.1
Grono	323	2733017 / 1124089	01.1961-12.1990	6.1	6.3	7.2	9.2	12.7	10.7	9.5	10.0	7.8	7.8	8.0	5.6	100.9
Gross, SZ	897	2701799 / 1218840	01.1961-12.1990	13.4	12.2	14.4	14.1	15.2	15.8	14.4	14.4	10.3	9.6	12.1	13.4	159.3
Grosshöchstetten	755	2616015 / 1194884	01.1961-12.1990	11.2	11.0	12.4	13.1	15.0	13.6	11.4	12.0	8.8	8.5	10.7	10.8	138.5
Gryon	1158	2571093 / 1124889	01.1961-12.1990	11.2	10.6	12.5	12.6	13.9	13.9	11.7	12.9	9.0	9.0	11.0	11.1	139.4
Grächen	1605	2630738 / 1116062	01.1961-12.1990	6.8	6.9	7.4	6.7	9.5	9.0	7.9	8.9	6.2	6.3	7.4	7.2	90.2
Grüningen	535	2698752 / 1236665	01.1961-12.1990	12.2	11.4	12.3	12.8	13.8	14.3	12.8	13.0	9.7	8.7	11.7	11.6	144.3
Grüsch	590	2766900 / 1204899	01.1961-12.1990	11.7	10.2	11.9	12.2	13.0	13.7	13.2	13.8	9.7	8.0	10.5	11.0	138.9
Gstaad	1100	2586999 / 1143000	01.1961-12.1990	11.4	9.9	12.2	12.5	15.2	14.4	12.3	13.5	9.6	9.1	10.8	11.2	142.1
Gsteig, Gstaad	1196	2587686 / 1136142	01.1961-12.1990	11.8	11.1	13.4	13.7	14.9	15.4	13.6	13.9	10.2	9.5	11.5	11.9	150.9
Guglera	879	2585059 / 1177645	01.1961-12.1990	11.6	10.5	12.7	13.2	15.3	13.6	11.0	12.1	9.2	9.0	10.9	11.2	140.3
Guttannen	1055	2665296 / 1167600	01.1961-12.1990	11.8	11.0	13.8	13.8	14.9	14.9	14.4	14.9	10.7	9.2	11.2	11.5	152.1
Göschenen	950	2688477 / 1171925	01.1961-12.1990	11.6	10.7	13.3	14.3	15.4	14.9	14.0	14.3	10.3	10.2	11.4	11.5	151.9
Göscheneralp	1745	2681253 / 1166803	01.1961-12.1990	11.8	11.5	14.0	14.5	15.6	14.9	14.3	14.4	10.4	10.4	11.6	12.1	155.5
Gösgen	380	2640422 / 1245949	01.1961-12.1990	10.8	10.3	11.7	11.1	12.6	12.4	10.6	11.1	8.1	8.1	10.5	10.6	127.9
Gütsch, Andermatt	2286	2690087 / 1167480	01.1961-12.1990	12.3	11.8	14.1	14.7	14.6	14.3	13.3	14.3	10.2	9.6	11.9	12.5	153.6
Güttingen	440	2738422 / 1273962	01.1961-12.1990	11.0	9.8	10.7	11.2	13.0	11.9	11.5	11.5	8.5	8.2	10.2	10.7	128.2
Hallau	419	2677456 / 1283471	01.1961-12.1990	11.3	9.4	10.2	10.4	11.7	10.4	9.7	10.7	8.0	7.9	9.9	10.7	120.3
Hausen am Albis	590	2682052 / 1232674	01.1961-12.1990	11.7	11.1	12.4	12.8	13.5	13.9	12.4	13.0	9.1	9.0	10.7	11.1	140.7
Herbetswil	544	2611291 / 1238440	01.1961-12.1990	12.7	11.0	12.7	12.7	13.7	13.1	11.0	11.7	9.0	8.8	11.5	12.0	139.9
Herisau	700	2737730 / 1250829	01.1961-12.1990	12.7	11.4	13.8	14.2	15.3	15.1	13.9	13.9	10.4	9.1	11.8	12.4	154.0
Herzogenbuchsee	482	2620889 / 1226910	01.1961-12.1990	12.0	10.2	12.2	11.5	12.8	11.7	10.8	11.2	8.6	8.5	11.0	10.8	131.3
Hessigkofen	580	2602350 / 1221220	01.1961-12.1990	11.8	10.4	12.1	11.6	12.8	11.5	9.8	11.2	8.6	8.6	10.7	11.5	130.6
Hinterrhein	1611	2733900 / 1153979	01.1961-12.1990	7.7	7.0	8.7	11.3	14.2	13.0	11.4	12.5	9.6	8.8	9.5	7.7	121.4
Hinwil	539	2703874 / 1240717	01.1961-12.1990	12.5	11.2	12.5	13.0	14.0	14.0	12.9	13.4	9.5	9.0	11.5	11.9	145.4
Hoch-Ybrig	1458	2702760 / 1207629	01.1961-12.1990	14.3	12.5	15.1	15.6	16.2	17.4	15.9	15.3	12.2	10.3	13.2	13.3	171.3
Hondrich	760	2618524 / 1169129	01.1961-12.1990	11.3	10.5	12.4	12.8	14.9	15.1	12.9	13.7	9.3	8.4	10.6	11.1	143.0
Huttwil	633	2630261 / 1218189	01.1961-12.1990	12.4	11.7	12.7	13.2	14.2	12.7	11.5	12.3	8.7	8.3	11.0	11.5	140.2
Hérémence	1218	2597355 / 1114091	01.1961-12.1990	8.3	7.5	8.5	7.7	9.6	10.1	9.1	9.7	6.9	6.6	7.8	8.0	99.8
Ilanz	698	2735686 / 1181965	01.1961-12.1990	8.5	7.7	9.2	9.0	10.4	11.4	10.1	11.0	8.0	7.1	8.7	8.8	109.9
Illhart	540	2720330 / 1275759	01.1961-12.1990	11.1	10.1	11.2	11.5	13.0	11.9	11.3	11.6	8.5	8.8	10.6	11.1	130.7
Innerferrera	1475	2753870 / 1154069	01.1961-12.1990	8.3	7.2	9.2	10.7	13.3	12.5	11.2	12.2	8.7	8.1	8.6	8.2	118.2
Innerthal	903	2712079 / 1218325	01.1961-12.1990	13.4	12.2	14.8	15.0	16.3	16.7	15.7	15.5	11.4	9.5	12.5	13.0	166.0
Interlaken	577	2633023 / 1169091	01.1961-12.1990	10.1	9.6	12.1	11.8	13.9	14.2	12.8	13.5	9.0	8.4	10.0	10.1	135.5
Isenthal	783	2685531 / 1196130	01.1961-12.1990	12.0	10.9	13.1	13.3	14.8	15.5	14.4	13.9	10.1	9.0	11.5	11.7	150.2
Jaun	1029	2587532 / 1162270	01.1961-12.1990	12.8	11.5	13.8	13.9	15.5	15.2	12.7	13.2	9.9	9.0	11.7	12.3	151.5
Jona	410	2706760 / 1231289	01.1961-12.1990	12.1	11.3	12.8	12.8	13.8	14.3	13.0	13.6	9.8	9.0	11.5	11.8	145.8
Jussy	466	2508909 / 1120364	01.1961-12.1990	10.3	9.8	11.2	10.5	11.8	10.1	8.1	9.4	8.2	8.6	10.1	9.9	118.0
Kaiserstuhl, AG	361	2673335 / 1269332	01.1961-12.1990	11.4	9.7	10.9	11.3	12.6	11.3	10.3	11.1	8.3	8.4	10.1	10.7	126.1
Kalchrain	580	2709060 / 1274349	01.1961-12.1990	11.2	10.4	11.4	11.7	12.6	12.3	11.2	11.7	8.2	8.7	10.7	10.9	131.0
Kandersteg	1178	2618312 / 1149197	01.1961-12.1990	10.7	10.5	12.7	12.1	14.2	14.5	13.4	13.7	9.5	8.6	10.2	10.8	140.9
Kiental	930	2622110 / 1159074	01.1961-12.1990	10.4	10.4	12.2	12.7	14.6	15.2	14.2	13.9	9.4	8.3	10.6	10.5	142.4
Kiesen	535	2610256 / 1185526	01.1961-12.1990	9.5	9.7	11.1	12.4	14.5	13.2	11.6	12.1	8.2	8.0	9.4	9.8	129.5
Kirchberg, SG	742	2717906 / 1253595	01.1961-12.1990	12.7	10.9	12.9	12.6	13.9	13.5	12.2	13.0	9.4	8.8	11.8	11.9	143.6
Kleine Scheidegg	2061	2639925 / 1159424	01.1961-12.1990	12.4	10.9	14.5	13.9	16.4	16.9	15.2	15.7	10.4	9.7	10.9	11.4	158.3
Klosters	1186	2786857 / 1193365	01.1961-12.1990	11.4	10.4	12.4	12.4	13.9	14.7	14.2	14.3	10.0	8.0	10.4	10.9	143.0
Klöntal	855	2718775 / 1210699	01.1961-12.1990	13.3	11.7	14.5	14.6	15.9	16.8	16.3	15.7	11.2	9.8	12.3	12.3	164.4
Koppigen	485	2612663 / 1218664	01.1961-12.1990	11.2	10.5	11.7	11.8	13.4	12.0	10.5	11.1	8.7	8.4	10.6	10.7	130.6
Kronberg	1645	2742873 / 1239564	01.1961-12.1990	13.7	12.1	14.9	15.2	15.9	16.1	15.8	15.5	11.3	9.7	12.3	13.0	165.5
Kurzeneialp	894	2630576 / 1207006	01.1961-12.1990	12.8	12.5	13.8	14.4	15.6	14.2	12.1	12.7	9.3	9.0	12.1	12.1	150.6
Küblis	839	2778150 / 1198340	01.1961-12.1990	11.0	9.4	10.8	11.2	12.7	13.2	12.8	13.2	9.4	7.9	10.0	10.4	132.0
Küsnacht, ZH	413	2686703 / 1240572	01.1961-12.1990	11.5	11.0	11.7	12.4	12.8	13.3	12.0	12.3	8.6	8.4	10.8	11.2	136.0
Küssnacht am Rigi	502	2675329 / 1216765	01.1961-12.1990	11.2	9.9	12.0	13.0	13.5	14.2	12.8	13.3	9.4	8.8	10.2	10.7	139.0
L' Auberson	1096	2523851 / 1186295	01.1961-12.1990	13.9	12.2	14.0	13.5	15.1	13.3	11.1	11.6	9.8	10.5	11.9	13.1	150.0
L'Abergement	647	2527539 / 1178770	01.1961-12.1990	12.1	11.1	12.5	11.4	13.2	11.7	9.7	10.0	8.7	9.2	11.0	12.1	132.7
La Brévine	1050	2536981 / 1203974	01.1961-12.1990	13.1	11.4	13.5	13.3	15.6	14.2	11.4	12.0	9.8	10.4	11.7	13.2	149.6
La Chaux-de-Fonds	1017	2550919 / 1214861	01.1961-12.1990	13.9	11.9	13.9	13.8	15.6	13.9	10.9	12.2	10.1	10.3	12.0	12.9	151.4
La Cure	1185	2495297 / 1146347	01.1961-12.1990	14.4	12.8	14.5	13.8	16.8	13.5	11.2	12.8	10.4	10.8	12.7	14.0	157.7
La Dôle	1669	2497059 / 1142372	01.1961-12.1990	13.2	12.0	13.5	12.8	15.1	12.7	11.0	11.8	10.3	10.2	12.0	12.9	147.5
La Valsainte	1044	2580089 / 1166314	01.1961-12.1990	12.7	11.1	13.5	13.6	15.5	14.4	12.0	12.3	9.1	9.1	11.3	12.1	146.7
Lachen / Eggen	930	2762030 / 1255899	01.1961-12.1990	12.7	10.6	11.9	13.3	14.8	15.3	13.7	13.4	9.9	8.5	11.0	11.6	146.7
Lachen / Galgenen	468	2707638 / 1226334	01.1961-12.1990	11.9	11.3	13.4	13.6	14.7	14.5	13.8	14.2	10.4	9.1	11.2	12.0	150.1
Landquart	537	2762680 / 1203709	01.1961-12.1990	10.5	8.9	10.3	11.4	11.8	12.9	12.3	12.8	9.1	7.8	9.1	10.1	127.0
Langenbruck	731	2624250 / 1244720	01.1961-12.1990	12.7	11.5	13.8	12.6	14.0	13.3	11.2	12.2	9.2	9.2	11.7	12.4	143.8
Langnau am Albis	535	2682763 / 1238014	01.1961-12.1990	12.4	11.9	12.6	13.6	13.7	14.0	12.0	13.0	9.4	9.0	11.2	11.8	144.6
Langnau i.E.	743	2628004 / 1198793	01.1961-12.1990	12.6	11.2	13.0	13.8	15.3	14.4	12.3	12.8	8.6	8.7	11.4	11.4	145.5
Laufen	404	2606652 / 1251464	01.1961-12.1990	11.7	11.2	12.7	13.0	14.4	12.7	10.6	12.1	9.0	9.2	11.1	11.4	139.1
Laufenburg	329	2646357 / 1266514	01.1961-12.1990	12.7	10.7	12.5	11.8	12.9	11.7	10.2	11.5	8.5	8.7	11.0	12.2	134.4
Laupen	483	2584905 / 1196204	01.1961-12.1990	10.6	10.3	11.4	11.4	13.1	11.4	10.0	10.9	8.0	8.6	10.3	10.4	126.4
Lausanne	601	2538975 / 1153256	01.1961-12.1990	11.5	10.2	11.1	10.9	12.4	10.8	8.9	9.6	8.1	8.5	10.5	10.6	123.1
Lauterbrunnen	815	2635851 / 1160290	01.1961-12.1990	10.5	9.8	11.7	11.4	13.7	14.3	13.9	14.2	8.7	8.4	9.9	9.9	136.4
Le Locle	1015	2546612 / 1212177	01.1961-12.1990	15.0	12.5	15.1	13.8	15.6	13.8	11.5	11.9	10.2	10.4	12.5	14.2	156.5
Le Moléson	1974	2567718 / 1155076	01.1961-12.1990	10.4	10.3	12.2	12.2	14.7	13.5	11.3	12.1	8.9	8.9	9.6	10.9	135.0
Lenzerheide	1400	2761860 / 1175889	01.1961-12.1990	8.8	8.1	10.1	10.6	12.0	12.7	11.9	11.8	8.5	7.5	8.1	8.4	118.5
Les Avants	1036	2561879 / 1145178	01.1961-12.1990	12.3	11.7	13.0	12.6	14.6	13.9	11.3	12.9	9.5	8.8	11.5	11.4	143.5
Les Bioux	1023	2509916 / 1163443	01.1961-12.1990	14.6	13.0	14.1	13.0	15.1	13.1	11.1	11.7	10.1	10.7	12.5	13.6	152.6
Les Brenets	908	2544673 / 1213695	01.1961-12.1990	14.8	12.5	14.4	14.0	16.1	14.3	11.9	11.9	10.4	10.6	12.7	13.9	157.5
Les Charbonnières	1045	2513820 / 1169387	01.1961-12.1990	14.4	12.5	14.8	13.7	15.1	13.6	11.7	12.0	9.9	10.8	12.2	14.3	155.0
Les Diablerets	1190	2579029 / 1132860	01.1961-12.1990	11.9	11.0	12.8	12.6	14.9	14.2	12.6	13.3	9.4	9.0	10.9	11.5	144.1
Les Marécottes	990	2567374 / 1107577	01.1961-12.1990	10.2	8.8	10.6	10.1	12.1	11.3	10.9	11.7	8.6	7.9	10.1	9.8	122.1
Les Plans-sur-Bex	1070	2572959 / 1122720	01.1961-12.1990	11.4	10.1	12.2	12.4	13.8	13.7	11.4	12.1	9.3	8.7	11.0	10.7	136.8
Les Ponts-de-Martel	1052	2545886 / 1205407	01.1961-12.1990	14.2	12.4	14.3	13.9	15.6	13.6	11.5	11.8	9.6	10.1	11.8	13.3	152.1
Leukerbad	1286	2614082 / 1135090	01.1961-12.1990	11.1	9.3	10.7	10.1	11.3	11.3	11.2	11.5	8.2	7.9	9.6	10.2	122.4
Linthal / Tierfehd	810	2717770 / 1193169	01.1961-12.1990	12.1	10.8	14.0	13.8	14.8	15.9	15.0	15.4	11.1	9.5	11.9	11.7	156.0
Locarno / Monti	366	2704166 / 1114315	01.1961-12.1990	6.2	6.6	7.4	9.7	12.8	10.5	9.4	9.8	8.0	8.5	8.2	5.7	102.8
Lohn, SH	585	2692911 / 1289774	01.1961-12.1990	10.3	8.8	10.5	10.6	11.7	10.6	10.0	11.0	7.6	7.8	9.5	10.3	118.7
Longirod	900	2509386 / 1150106	01.1961-12.1990	12.5	11.4	12.1	11.2	13.1	11.3	9.3	10.5	8.7	9.4	11.2	11.9	132.6
Lorzentobel	534	2684601 / 1226129	01.1961-12.1990	12.1	11.7	13.1	13.1	14.6	14.6	13.2	13.6	9.7	9.4	11.3	11.6	148.0
Lugano	273	2717874 / 1095882	01.1961-12.1990	6.0	6.6	8.0	10.2	13.3	11.0	8.6	10.0	8.0	7.9	8.1	5.6	103.3
Lungern	761	2655415 / 1181868	01.1961-12.1990	11.7	11.3	14.0	12.8	14.6	14.7	13.9	14.4	10.0	9.1	11.2	11.8	149.5
Luthern	768	2636488 / 1212025	01.1961-12.1990	12.4	12.0	13.9	13.9	14.9	14.2	12.0	12.6	9.2	8.9	11.4	12.0	147.4
Luzern	454	2665544 / 1209849	01.1961-12.1990	10.8	10.4	12.3	12.9	14.1	14.3	12.7	13.1	9.1	8.7	10.4	10.8	139.6
Madiswil	663	2629396 / 1223378	01.1961-12.1990	11.8	10.8	12.7	12.4	13.3	12.6	10.7	11.3	8.5	8.3	11.1	11.2	134.7
Magadino / Cadenazzo	203	2715479 / 1113160	01.1961-12.1990	6.0	6.6	7.9	10.1	12.9	10.7	9.2	9.6	7.8	8.6	8.1	5.5	103.0
Magglingen	883	2583037 / 1221115	01.1961-12.1990	13.9	11.4	12.7	12.3	14.3	12.3	10.6	11.5	8.7	9.8	11.9	12.4	141.8
Malbun	1610	2764702 / 1219184	01.1961-12.1990	12.9	11.4	13.9	14.4	15.5	16.7	15.6	15.3	11.2	9.0	11.1	11.9	158.9
Marbach, LU	864	2635347 / 1189679	01.1961-12.1990	13.7	12.2	14.2	14.9	16.9	16.4	14.1	13.9	10.6	9.6	12.5	13.3	162.3
Marsens	714	2571757 / 1167316	01.1961-12.1990	10.9	10.2	12.1	12.0	14.1	12.8	10.4	11.2	8.9	8.7	10.5	10.7	132.5
Martigny	461	2570919 / 1106546	01.1961-12.1990	9.0	8.0	8.6	8.2	9.1	9.2	8.8	9.5	6.8	6.9	8.5	8.6	101.2
Martina	1041	2830465 / 1196986	01.1961-12.1990	7.7	6.5	6.8	7.6	10.4	10.6	11.7	12.1	8.2	6.1	7.4	7.8	102.9
Meiringen	588	2655844 / 1175929	01.1961-12.1990	11.0	10.4	12.2	11.6	14.1	14.8	13.7	14.3	9.6	8.8	10.7	10.7	141.9
Merishausen	525	2687801 / 1290269	01.1961-12.1990	11.3	10.2	11.6	11.7	12.6	11.7	11.3	11.7	8.1	8.4	10.1	11.4	130.1
Mervelier	540	2603884 / 1243975	01.1961-12.1990	12.2	11.7	12.6	13.0	14.3	13.1	10.9	12.3	9.1	9.2	11.7	12.0	142.1
Mesocco	825	2737851 / 1139822	01.1961-12.1990	6.3	6.3	7.4	9.2	12.2	11.0	9.6	10.7	8.2	8.0	8.0	5.6	102.5
Mogelsberg	780	2728363 / 1247073	01.1961-12.1990	12.4	11.4	13.5	13.4	14.8	14.7	12.4	13.5	9.9	9.2	11.4	11.8	148.4
Monstein	1633	2778426 / 1176002	01.1961-12.1990	9.5	8.0	9.2	10.3	12.6	13.4	13.5	13.2	9.1	7.3	8.6	8.3	123.0
Montagne du Droit	1170	2561830 / 1222150	01.1961-12.1990	14.5	12.7	14.6	14.4	16.2	14.1	11.6	12.5	10.1	10.7	13.0	13.7	158.1
Montagnier, Bagnes	839	2583491 / 1102189	01.1961-12.1990	9.8	8.6	10.2	9.3	11.3	10.5	9.7	10.3	7.6	7.4	9.2	9.5	113.4
Montana	1422	2601708 / 1127488	01.1961-12.1990	9.6	7.9	9.0	8.6	9.6	10.0	9.6	10.1	6.8	6.9	8.7	9.5	106.3
Montenol	694	2578412 / 1244818	01.1961-12.1990	14.0	12.7	14.8	14.8	15.9	13.3	11.2	11.9	9.7	10.4	12.9	14.0	155.6
Montreux-Clarens	405	2558559 / 1143600	01.1961-12.1990	11.6	10.6	12.4	11.9	13.8	13.1	10.3	12.0	9.5	8.9	11.0	11.3	136.4
Morbio Superiore	594	2723520 / 1080124	01.1961-12.1990	6.5	6.2	7.7	10.7	12.9	10.8	7.8	9.5	6.9	7.9	8.0	5.7	100.6
Morges	374	2528808 / 1152121	01.1961-12.1990	10.5	9.6	10.5	9.5	12.0	10.0	8.2	9.1	7.7	8.5	9.9	10.1	115.6
Morgins	1341	2554716 / 1120675	01.1961-12.1990	12.5	11.6	13.0	13.4	14.2	14.2	12.5	13.0	9.7	9.1	12.1	12.4	147.7
Mormont	535	2569727 / 1254223	01.1961-12.1990	13.2	11.6	14.0	13.4	14.3	12.3	10.0	11.3	9.4	9.8	11.9	12.4	143.6
Mosen	453	2660128 / 1232852	01.1961-12.1990	11.2	10.6	12.3	11.7	12.9	12.5	11.4	12.1	8.7	8.5	10.8	10.6	133.3
Mosogno	771	2692802 / 1117049	01.1961-12.1990	6.4	7.2	7.5	9.6	13.7	11.0	9.8	10.1	7.7	8.2	8.3	5.7	105.2
Mottec	1580	2614324 / 1110729	01.1961-12.1990	8.6	8.1	9.1	8.5	10.9	11.1	10.4	12.3	8.0	6.9	7.3	7.8	109.0
Moudon	563	2551368 / 1169636	01.1961-12.1990	11.4	10.4	11.9	11.0	13.7	11.7	9.5	10.3	8.4	8.9	10.6	11.2	129.0
Moutier	579	2594939 / 1235698	01.1961-12.1990	12.0	11.2	12.6	13.0	14.1	13.0	10.6	11.6	8.9	9.2	11.5	11.9	139.6
Muotathal	620	2700940 / 1203189	01.1961-12.1990	12.8	11.3	13.8	14.3	14.9	15.9	15.4	14.5	11.2	9.5	11.9	12.3	157.8
Muri, AG	577	2667276 / 1235322	01.1961-12.1990	11.7	11.2	11.9	12.4	12.9	12.7	11.4	12.2	8.6	8.6	10.8	11.3	135.7
Murten	433	2576991 / 1199048	01.1961-12.1990	10.8	10.0	11.6	11.3	13.3	11.0	10.0	10.5	8.1	8.5	10.2	10.9	126.2
Möhlin	343	2633053 / 1269147	01.1961-12.1990	12.0	10.8	12.3	12.7	14.1	12.0	10.2	11.8	8.9	9.2	11.3	11.9	137.2
Mülligen	393	2659783 / 1256026	01.1961-12.1990	12.6	10.8	12.3	12.3	13.1	12.0	10.8	11.8	8.6	8.8	11.3	11.7	136.1
Mürren	1632	2634610 / 1156091	01.1961-12.1990	11.4	11.0	13.7	13.4	15.4	15.9	14.8	14.9	10.4	9.3	10.5	11.2	151.9
Müstair	1248	2831186 / 1169358	01.1961-12.1990	5.3	5.5	6.2	7.0	10.0	9.5	9.7	9.3	6.6	6.1	6.1	5.4	86.7
Napf	1403	2638137 / 1206079	01.1961-12.1990	11.5	11.3	13.1	13.9	15.4	15.0	11.9	13.5	10.0	8.9	11.1	10.9	146.5
Nesselboden	1055	2605295 / 1232697	01.1961-12.1990	13.6	11.6	13.7	13.2	14.8	13.3	11.1	11.8	9.2	9.4	11.8	12.5	146.0
Neuchâtel	485	2563086 / 1205559	01.1961-12.1990	11.1	10.2	10.8	10.2	12.4	11.0	9.3	10.1	8.0	8.5	9.8	10.5	121.9
Niederneunforn	440	2700861 / 1272509	01.1961-12.1990	10.6	10.0	11.1	11.3	12.8	11.7	11.1	11.3	8.4	8.3	10.5	10.6	127.7
Nyon / Changins	458	2506877 / 1139573	01.1961-12.1990	10.8	9.4	10.3	9.6	11.5	9.9	8.1	9.0	8.0	8.1	9.5	10.2	114.4
Oberiberg	1075	2701841 / 1210463	01.1961-12.1990	13.7	12.1	14.5	14.8	15.7	16.5	15.4	15.1	10.9	9.7	12.2	13.2	163.8
Oberwald	1375	2669650 / 1154049	01.1961-12.1990	12.5	11.6	12.7	12.7	13.3	12.4	11.7	12.3	9.5	9.5	11.8	12.0	142.0
Obstalden	689	2730891 / 1219536	01.1961-12.1990	12.0	10.4	12.1	12.9	14.2	15.0	14.5	13.9	9.9	8.5	11.0	11.2	145.6
Olivone	890	2714903 / 1154143	01.1961-12.1990	7.3	8.0	8.6	9.6	12.4	11.0	9.2	10.5	8.0	8.5	8.8	7.6	109.5
Opfikon	424	2684614 / 1254697	01.1961-12.1990	12.3	10.8	11.6	12.2	12.4	12.5	11.6	11.8	9.3	8.5	10.7	11.3	135.0
Orbe	438	2531750 / 1176425	01.1961-12.1990	10.8	9.8	10.9	9.5	11.8	10.8	9.3	9.6	8.0	8.3	9.7	10.5	119.0
Orsières	929	2577021 / 1096695	01.1961-12.1990	8.3	7.6	9.1	7.6	9.7	9.4	8.8	9.3	7.3	6.8	8.2	8.8	100.9
Orzens	624	2542134 / 1174815	01.1961-12.1990	11.4	10.3	11.2	9.9	12.2	11.6	8.8	10.1	8.1	8.7	10.1	10.5	122.9
Otelfingen	435	2671520 / 1257079	01.1961-12.1990	12.4	10.5	12.4	11.7	12.7	11.2	11.1	11.8	8.2	8.6	10.9	11.0	132.5
Passo del Bernina	2260	2798423 / 1143019	01.1961-12.1990	8.4	8.2	9.4	10.2	13.5	11.3	11.4	11.5	8.4	8.7	9.4	8.2	118.6
Payerne	490	2562130 / 1184611	01.1961-12.1990	9.5	9.1	10.4	9.8	12.2	11.1	9.3	10.0	8.0	8.3	9.5	9.5	116.7
Payerne / Ville	447	2561614 / 1187040	01.1961-12.1990	10.3	9.1	10.4	9.9	11.8	11.0	8.8	10.0	7.7	8.1	9.6	9.8	116.5
Pfäffikon, ZH	537	2699400 / 1248164	01.1961-12.1990	12.4	11.0	12.0	12.4	13.4	13.2	12.1	12.3	9.1	8.9	11.1	11.4	139.3
Pigniu	1325	2727950 / 1185714	01.1961-12.1990	12.1	10.5	13.2	13.9	15.6	16.4	16.4	16.0	12.2	10.3	12.5	11.6	160.7
Pilatus	2105	2661904 / 1203410	01.1961-12.1990	13.3	11.0	14.8	14.3	15.4	15.9	13.7	14.0	10.0	8.7	11.3	12.9	155.3
Piotta	990	2695880 / 1152264	01.1961-12.1990	7.9	7.7	9.1	10.0	12.6	11.0	9.8	10.6	7.9	8.4	9.1	8.2	112.3
Piz Corvatsch	3294	2783155 / 1143524	01.1961-12.1990	9.9	9.1	10.2	11.8	15.3	13.9	12.6	13.2	8.3	8.0	11.1	8.9	132.3
Plaffeien	1042	2586828 / 1177406	01.1961-12.1990	10.9	9.9	12.5	12.9	15.5	13.9	12.0	12.9	9.7	9.2	10.5	11.4	141.3
Pleigne	738	2587683 / 1251978	01.1961-12.1990	13.0	12.0	13.9	13.5	14.7	13.1	10.6	11.7	9.4	9.7	12.4	12.8	146.8
Ponte Tresa	274	2710110 / 1091628	01.1961-12.1990	6.3	6.6	7.9	10.4	13.4	10.9	8.4	10.3	7.6	8.0	8.2	5.8	103.8
Pontresina	1787	2787950 / 1153832	01.1961-12.1990	6.4	6.8	7.0	7.2	10.4	10.2	10.5	10.7	7.2	7.0	7.9	6.5	97.8
Poschiavo / Robbia	1078	2801993 / 1136248	01.1961-12.1990	5.8	6.0	6.8	8.7	11.7	10.9	10.2	10.5	7.8	7.4	7.6	5.9	99.3
Pully	455	2540819 / 1151510	01.1961-12.1990	10.5	9.7	10.9	10.7	12.0	11.3	9.0	9.8	8.1	8.4	10.0	9.9	120.3
Punt la Drossa	1713	2810567 / 1170637	01.1961-12.1990	8.2	7.3	7.8	8.8	11.3	11.1	10.7	11.1	8.1	7.3	8.3	8.4	108.4
Reigoldswil	605	2617672 / 1249938	01.1961-12.1990	12.6	11.6	13.9	13.8	14.8	13.1	10.6	12.1	9.5	9.1	12.1	12.4	145.6
Rempen	650	2710610 / 1221849	01.1961-12.1990	12.9	11.5	14.1	14.0	15.1	15.8	14.6	14.9	10.7	9.8	12.0	12.6	158.0
Rheinau	372	2687881 / 1277979	01.1961-12.1990	11.3	9.4	11.2	11.1	12.1	11.2	10.5	11.1	8.2	8.3	10.2	10.9	125.5
Rheinfelden	300	2626970 / 1266320	01.1961-12.1990	12.2	10.9	12.4	12.7	13.4	11.9	10.4	11.5	9.2	8.9	11.4	11.7	136.6
Ricken	836	2722680 / 1235901	01.1961-12.1990	13.4	11.9	13.7	13.9	15.0	15.4	14.0	14.5	10.5	9.1	12.3	12.5	156.2
Riedholz / Wallierhof	518	2609394 / 1231491	01.1961-12.1990	13.2	10.6	12.0	11.8	12.8	12.1	10.6	11.9	8.5	8.6	10.9	11.9	134.9
Riehen	390	2617757 / 1271022	01.1961-12.1990	10.7	10.0	11.2	11.8	12.9	11.9	9.9	10.3	8.5	8.9	10.1	10.3	126.5
Riex	460	2546091 / 1149422	01.1961-12.1990	11.3	10.1	11.9	11.4	12.3	11.4	9.1	10.1	8.2	8.7	10.4	10.7	125.6
Riggisberg	775	2603424 / 1184499	01.1961-12.1990	11.0	10.8	12.1	12.8	15.1	13.7	11.7	12.5	9.0	8.5	10.3	11.2	138.7
Romont	692	2561475 / 1172622	01.1961-12.1990	11.3	10.5	11.8	11.5	14.2	11.6	10.2	10.7	8.2	8.9	10.8	10.7	130.4
Rothenbrunnen	620	2751221 / 1181292	01.1961-12.1990	7.4	6.4	7.9	7.9	10.4	10.6	10.0	10.9	7.6	6.4	7.5	8.1	101.1
Rünenberg	611	2633252 / 1253846	01.1961-12.1990	11.6	9.6	12.0	12.7	13.7	12.3	10.9	12.3	8.8	8.7	10.9	10.4	133.9
S. Bernardino	1638	2734116 / 1147293	01.1961-12.1990	8.3	8.4	10.1	11.3	14.6	12.8	11.3	12.3	9.6	9.1	9.7	8.1	125.6
Saas Fee	1796	2638235 / 1106761	01.1961-12.1990	6.5	6.7	7.7	7.6	10.0	8.4	7.5	8.8	6.2	7.2	7.4	6.6	90.6
Safien Platz	1296	2743556 / 1171436	01.1961-12.1990	8.7	8.3	9.8	10.9	12.2	13.1	12.9	12.6	8.7	7.6	9.2	8.8	122.8
Saignelégier	883	2565349 / 1234100	01.1961-12.1990	14.1	12.7	14.7	14.1	15.8	13.7	11.2	11.7	9.9	10.0	12.2	13.5	153.6
Salen-Reutenen	718	2719100 / 1279046	01.1961-12.1990	9.5	8.9	10.6	11.3	13.0	11.9	11.6	11.7	8.7	8.4	10.1	9.5	125.2
Salez / Saxerriet	436	2755558 / 1233373	01.1961-12.1990	11.0	9.5	11.4	12.6	13.7	14.7	14.4	14.1	10.4	8.5	10.5	10.8	141.6
Samedan	1708	2787250 / 1155684	01.1961-12.1990	5.9	5.3	6.0	6.7	10.2	10.0	10.4	11.1	7.3	6.8	6.7	6.4	92.8
Sangernboden	1035	2593219 / 1173905	01.1961-12.1990	12.4	11.6	13.4	14.8	17.0	15.4	12.6	13.5	10.3	9.1	11.1	12.1	153.3
Sargans	585	2752065 / 1213348	01.1961-12.1990	11.5	10.1	11.9	13.0	13.6	14.8	13.9	14.5	10.3	8.7	10.8	10.8	143.9
Sarnen	471	2662147 / 1194359	01.1961-12.1990	10.2	9.7	11.5	12.2	14.1	14.5	13.3	13.6	9.2	8.3	10.4	10.2	137.2
Sattel, SZ	790	2691000 / 1215145	01.1961-12.1990	12.2	11.5	13.5	13.6	14.3	15.1	13.7	14.2	10.3	9.2	11.8	12.3	151.7
Savognin	1172	2765387 / 1162662	01.1961-12.1990	7.2	6.3	7.8	8.1	10.9	11.5	11.0	11.8	8.1	6.5	7.7	7.4	104.3
Schaan	444	2755510 / 1228259	01.1961-12.1990	10.7	8.7	10.1	11.3	12.5	13.7	14.0	13.1	9.8	8.0	10.3	10.4	132.6
Schaffhausen	438	2688703 / 1282803	01.1961-12.1990	11.6	9.6	11.4	11.1	12.6	11.2	10.9	11.7	8.5	8.0	10.2	10.6	127.4
Schleitheim	497	2678236 / 1288716	01.1961-12.1990	10.8	9.5	10.4	10.6	11.5	11.6	10.3	11.0	7.9	7.8	9.7	10.5	121.6
Schwarzenburg	806	2593149 / 1184720	01.1961-12.1990	11.3	10.8	12.9	12.9	15.0	13.1	11.1	12.0	8.9	9.0	10.9	11.2	139.1
Schwarzenegg	902	2621687 / 1183859	01.1961-12.1990	10.6	10.0	12.0	12.9	14.4	14.5	12.6	12.7	8.8	8.5	10.5	10.6	138.1
Schwyz	479	2691646 / 1208411	01.1961-12.1990	11.7	11.0	13.3	13.7	14.4	14.8	13.5	13.9	10.6	9.0	11.5	11.8	149.2
Schwägalp	1348	2742180 / 1235649	01.1961-12.1990	15.4	13.0	15.9	16.0	17.5	16.5	16.1	15.5	11.8	10.1	13.8	13.5	175.1
Schänis	415	2719940 / 1225579	01.1961-12.1990	12.4	11.4	12.9	13.7	14.7	15.3	14.4	14.4	10.2	9.0	11.8	11.8	152.0
Scudellate	920	2724253 / 1086841	01.1961-12.1990	6.1	6.5	7.5	11.1	13.4	10.4	8.7	9.7	7.4	8.0	8.2	5.7	102.7
Scuol	1303	2817138 / 1186393	01.1961-12.1990	6.9	6.0	6.3	6.9	10.4	10.2	11.3	11.3	7.8	6.2	7.4	7.1	97.8
Sedrun	1431	2699952 / 1169848	01.1961-12.1990	11.2	11.3	12.6	12.6	12.9	13.3	12.2	13.4	9.6	9.6	11.6	11.1	141.4
Seengen	445	2656680 / 1242100	01.1961-12.1990	11.7	10.5	11.9	11.9	12.7	11.8	11.4	11.4	8.5	8.3	10.7	11.0	131.8
Segl-Maria	1804	2778576 / 1144976	01.1961-12.1990	7.2	6.8	7.5	8.7	11.4	10.7	10.8	11.0	7.5	7.4	8.1	7.2	104.3
Sempach	532	2657439 / 1220764	01.1961-12.1990	11.1	10.8	11.6	12.6	13.6	13.2	11.7	12.2	8.4	8.2	10.1	10.4	133.9
Semsales	874	2561108 / 1158427	01.1961-12.1990	11.7	11.2	12.7	11.8	14.1	13.1	10.4	10.9	9.4	9.0	10.8	11.3	136.4
Sevelen	457	2755605 / 1221301	01.1961-12.1990	10.4	9.3	10.9	12.2	13.7	14.3	13.8	13.8	10.2	8.0	10.1	10.0	136.7
Siebnen	452	2710821 / 1225537	01.1961-12.1990	12.1	11.1	13.5	13.3	14.5	14.9	13.8	14.1	10.0	8.7	11.3	11.9	149.2
Sierre	540	2608597 / 1127297	01.1961-12.1990	8.1	6.5	7.5	6.6	7.7	7.8	7.3	8.4	5.7	6.2	7.5	7.9	87.2
Sihlbrugg	549	2686318 / 1230585	01.1961-12.1990	12.0	11.8	12.7	13.0	14.1	14.1	12.7	13.2	9.4	9.1	11.0	11.4	144.5
Simplon-Dorf	1465	2647682 / 1116339	01.1961-12.1990	8.8	9.1	9.6	8.9	11.8	10.0	8.6	9.6	7.7	8.8	9.9	8.5	111.3
Sion	482	2591632 / 1118583	01.1961-12.1990	7.0	6.3	6.9	5.9	7.2	7.6	7.6	8.2	5.6	6.0	6.9	7.4	82.6
Sissach	374	2627500 / 1257130	01.1961-12.1990	12.0	11.2	12.0	12.8	13.5	12.8	10.5	12.7	8.8	8.8	11.4	11.3	137.8
Soglio	1086	2761393 / 1134473	01.1961-12.1990	5.5	5.7	7.6	9.3	12.7	11.5	9.9	10.8	8.2	7.6	7.6	5.4	101.8
Sonogno	910	2703884 / 1134026	01.1961-12.1990	6.7	7.6	8.6	10.0	13.2	10.8	9.4	10.4	8.3	8.5	8.7	6.4	108.6
Splügen	1460	2744420 / 1157434	01.1961-12.1990	9.2	8.0	9.5	11.0	13.0	12.9	11.6	12.5	9.1	8.5	9.4	8.2	122.9
St. Antönien	1456	2781634 / 1205103	01.1961-12.1990	12.3	10.7	13.1	12.9	13.9	15.5	15.4	14.8	10.5	8.5	10.3	10.8	148.7
St. Gallen	775	2747865 / 1254587	01.1961-12.1990	12.0	10.5	12.7	13.6	14.8	14.7	13.8	13.9	9.8	8.8	11.2	11.5	147.3
St. Peterzell	700	2731250 / 1242139	01.1961-12.1990	13.2	11.9	14.0	13.9	14.8	14.9	13.9	13.9	10.3	9.0	12.0	12.6	154.4
St. Urban	488	2630369 / 1229411	01.1961-12.1990	12.0	10.8	12.6	12.1	13.4	11.8	11.0	11.9	8.5	8.2	10.9	11.4	134.6
Sta. Maria, Val Müstair	1386	2828862 / 1165579	01.1961-12.1990	6.0	5.2	6.3	7.4	10.5	9.6	10.4	10.6	7.1	7.1	7.3	5.4	92.9
Stabio	351	2716048 / 1077971	01.1961-12.1990	5.7	5.9	7.9	10.3	11.8	10.0	7.9	8.9	6.9	7.8	8.2	5.5	96.8
Stalden / Ackersand	701	2633608 / 1121114	01.1961-12.1990	5.3	5.8	5.8	4.6	6.9	6.8	6.3	7.2	5.5	5.7	6.3	6.1	72.3
Stallikon	754	2680334 / 1239849	01.1961-12.1990	11.9	10.8	12.4	12.6	13.7	13.6	12.2	12.5	9.1	9.3	11.4	11.5	141.0
Stans	439	2669015 / 1202411	01.1961-12.1990	9.9	10.2	11.9	12.8	13.8	14.2	13.1	13.6	9.1	8.2	10.5	10.4	137.7
Starkenbach	897	2737313 / 1227575	01.1961-12.1990	13.4	11.5	13.9	13.4	14.9	16.1	14.9	14.7	10.5	9.2	12.1	12.5	157.1
Steckborn	399	2715170 / 1280179	01.1961-12.1990	11.3	10.0	11.3	11.3	13.2	11.8	11.0	11.3	8.3	8.5	10.2	10.9	129.1
Stiegelschwand	1456	2607170 / 1148545	01.1961-12.1990	11.8	11.9	14.1	14.3	15.1	16.5	14.8	14.3	9.8	8.8	11.5	12.0	154.9
Stöckalp	1070	2664320 / 1183549	01.1961-12.1990	11.7	11.6	14.1	14.0	15.1	16.0	14.7	14.5	10.7	8.9	11.6	11.8	154.7
Sulgen	445	2731025 / 1267174	01.1961-12.1990	11.6	10.5	11.8	12.4	14.0	12.8	12.3	12.4	9.1	8.8	10.6	10.7	137.0
Susch	1416	2802002 / 1181593	01.1961-12.1990	7.7	6.0	7.0	8.2	11.0	11.4	11.5	11.6	8.0	6.6	7.8	7.2	104.0
Säntis	2501	2744188 / 1234920	01.1961-12.1990	14.9	13.2	15.1	15.5	16.0	17.1	16.0	15.9	11.8	10.4	12.4	13.9	172.2
Tamins	668	2750155 / 1188621	01.1961-12.1990	9.7	8.6	9.9	10.2	12.0	12.5	11.6	12.6	9.1	7.7	9.2	9.5	122.6
Tavanasa	800	2722750 / 1178979	01.1961-12.1990	10.0	8.7	10.0	10.1	11.7	12.0	11.5	12.5	9.3	8.2	9.7	10.1	123.8
Teufen, AR	834	2747784 / 1250408	01.1961-12.1990	13.1	11.5	13.4	14.0	15.2	15.1	14.4	14.0	10.7	9.1	11.7	12.0	154.2
Thierrens	770	2547569 / 1172610	01.1961-12.1990	11.7	10.2	11.5	11.1	13.2	11.3	9.2	10.1	8.2	8.5	10.6	10.9	126.5
Thun	570	2611200 / 1177640	01.1961-12.1990	9.7	9.0	10.7	11.7	14.0	13.2	11.8	12.4	8.6	8.3	9.2	9.6	128.2
Thundorf	560	2714740 / 1267439	01.1961-12.1990	11.5	10.3	11.1	11.5	12.9	12.1	11.4	11.9	8.6	8.4	10.8	10.3	130.8
Thusis	672	2753155 / 1175088	01.1961-12.1990	7.4	6.6	7.8	8.2	9.9	10.7	10.2	10.7	7.9	6.6	8.2	7.4	101.6
Tiefencastel	897	2763442 / 1170267	01.1961-12.1990	6.8	5.8	7.1	7.2	10.1	11.3	11.1	10.8	8.0	6.5	7.1	7.6	99.4
Torricella / Crana	1002	2712695 / 1103744	01.1961-12.1990	6.5	7.7	8.8	11.4	14.9	12.4	9.9	11.1	8.8	8.8	8.9	6.5	115.7
Tour de Gourze	915	2546452 / 1151241	01.1961-12.1990	12.0	10.7	12.1	11.6	13.1	11.9	9.5	10.4	8.5	9.0	10.9	10.9	130.6
Trogen	975	2752170 / 1251769	01.1961-12.1990	13.0	11.6	13.4	13.8	15.3	15.4	14.2	13.9	10.9	8.8	12.3	12.5	155.1
Trun	834	2719985 / 1178223	01.1961-12.1990	9.5	8.5	10.2	10.0	11.7	11.6	10.9	12.4	9.1	8.4	9.5	9.4	121.2
Tschiertschen	1273	2765538 / 1187678	01.1961-12.1990	9.3	8.7	10.0	10.6	12.3	13.1	12.3	12.7	8.7	7.5	9.2	9.5	123.9
Uerikon	415	2699740 / 1232469	01.1961-12.1990	11.5	11.4	12.0	12.6	13.4	13.9	12.6	13.4	9.2	8.7	10.9	11.7	141.3
Ulrichen	1345	2666747 / 1150766	01.1961-12.1990	10.4	9.2	10.2	9.5	11.5	10.0	9.5	11.2	7.9	8.7	9.5	9.8	117.4
Unterkulm	454	2650838 / 1241212	01.1961-12.1990	11.5	11.0	12.3	11.8	12.7	12.4	11.1	11.5	8.3	8.1	10.9	10.5	132.1
Unterschächen	1470	2701900 / 1191999	01.1961-12.1990	12.4	11.7	14.5	13.4	15.2	15.8	16.2	14.9	10.6	8.8	11.1	12.4	157.0
Urnerboden	1395	2712650 / 1195249	01.1961-12.1990	12.7	11.7	14.2	14.5	14.9	15.7	15.7	15.8	11.2	9.7	11.5	12.2	159.8
Urnäsch	825	2739206 / 1241761	01.1961-12.1990	13.8	11.9	14.6	14.6	15.8	15.5	15.0	14.6	10.7	9.7	12.5	12.9	161.6
Uster	438	2694760 / 1245190	01.1961-12.1990	11.5	10.7	11.9	12.4	13.0	13.1	11.7	12.2	8.8	8.5	10.7	10.9	135.4
Vaduz	457	2757723 / 1221699	01.1961-12.1990	8.8	7.9	9.4	11.2	13.0	13.6	13.6	13.7	9.7	7.5	9.1	8.7	126.2
Valeyres-sous-Rances	510	2530240 / 1178344	01.1961-12.1990	11.0	9.9	11.3	9.9	11.8	10.5	9.1	9.5	8.1	8.3	9.8	10.8	120.0
Vallorbe	748	2519399 / 1174060	01.1961-12.1990	13.2	11.8	13.6	13.0	14.3	12.5	10.8	11.6	9.3	9.9	11.7	12.6	144.3
Vals	1242	2734017 / 1165551	01.1961-12.1990	8.2	7.2	9.1	10.0	12.4	12.3	11.8	12.4	8.9	8.2	9.2	8.5	118.2
Vella	1245	2732650 / 1175669	01.1961-12.1990	8.4	8.0	10.1	9.8	11.7	11.7	11.0	11.5	8.7	7.3	9.4	8.4	116.0
Vevey / Corseaux	405	2552105 / 1146847	01.1961-12.1990	10.6	9.4	11.0	11.1	12.5	11.6	9.4	10.7	8.6	8.2	10.0	9.9	123.0
Vicosoprano	1089	2768486 / 1135865	01.1961-12.1990	6.4	6.5	8.2	10.0	12.9	12.1	10.6	10.8	8.5	8.1	8.3	6.5	108.9
Villars-Tiercelin	859	2544197 / 1163651	01.1961-12.1990	11.3	10.1	11.9	10.9	13.1	11.8	9.5	9.8	8.1	9.0	10.6	11.0	127.1
Vira, Gambarogno	225	2709402 / 1111548	01.1961-12.1990	6.3	6.9	7.6	9.7	13.3	10.5	9.1	9.7	7.7	8.6	8.3	5.7	103.4
Visp	639	2631150 / 1128024	01.1961-12.1990	6.7	6.4	6.9	5.1	7.0	6.6	6.8	7.6	5.3	6.0	7.2	7.3	78.9
Vrin	1384	2727424 / 1168525	01.1961-12.1990	8.7	7.8	9.8	10.6	12.0	12.3	12.9	12.7	9.1	7.9	9.2	8.1	121.1
Vättis	939	2752732 / 1197281	01.1961-12.1990	10.2	8.9	10.7	11.3	12.5	13.2	13.5	13.4	9.7	7.7	9.9	9.7	130.7
Wahlendorf	760	2592250 / 1205940	01.1961-12.1990	11.4	10.9	12.0	12.1	13.7	12.0	10.3	11.2	8.2	9.0	10.4	11.0	132.2
Wald / Tanne	1075	2757025 / 1254229	01.1961-12.1990	13.2	10.5	12.4	13.5	14.9	14.9	13.4	13.2	10.5	8.7	11.6	11.6	148.4
Waldegg	545	2676761 / 1246210	01.1961-12.1990	11.9	10.8	11.9	12.4	13.0	12.5	11.7	12.0	8.7	8.6	10.8	11.1	135.4
Waldenburg	525	2623380 / 1248275	01.1961-12.1990	12.0	11.0	13.5	13.0	13.9	12.9	10.7	11.9	9.1	9.0	11.4	12.0	140.4
Waldweide	1014	2621375 / 1247325	01.1961-12.1990	12.4	11.4	13.8	13.8	14.3	13.4	11.2	12.4	9.3	9.5	12.2	12.1	145.8
Wangen b. Olten	437	2633272 / 1242768	01.1961-12.1990	11.7	9.9	12.1	11.4	12.8	12.0	10.7	11.2	8.5	8.2	10.6	11.3	130.4
Wasen im Emmental	768	2627861 / 1210554	01.1961-12.1990	12.4	11.7	13.9	14.1	15.3	13.8	12.2	12.8	9.3	8.9	11.5	11.7	147.6
Weesen	425	2724983 / 1221382	01.1961-12.1990	12.1	10.5	12.6	12.8	14.2	15.0	14.3	14.2	10.0	8.6	11.0	11.5	146.8
Weinfelden	477	2726403 / 1269982	01.1961-12.1990	11.2	9.9	11.3	11.5	12.9	12.1	11.8	11.8	8.5	8.5	10.6	10.6	130.7
Weissfluhjoch	2691	2780615 / 1189634	01.1961-12.1990	12.4	10.4	12.7	13.4	15.5	16.3	15.5	14.7	10.3	8.9	10.5	10.9	151.5
Weisstannen	1010	2744900 / 1205819	01.1961-12.1990	12.4	10.8	13.3	13.5	14.6	15.5	15.8	15.0	10.8	9.1	11.4	11.5	153.7
Widnau	414	2766489 / 1248854	01.1961-12.1990	11.0	10.0	11.0	12.1	13.8	14.2	13.3	13.5	9.8	8.0	10.3	10.8	137.8
Wil, ZH	406	2680341 / 1273224	01.1961-12.1990	12.1	10.4	12.0	11.9	12.3	11.7	10.9	11.0	8.9	8.6	11.1	11.5	132.4
Wilchingen	413	2676253 / 1280055	01.1961-12.1990	11.4	9.2	10.5	10.8	12.2	10.9	10.3	11.0	8.1	8.3	10.2	10.7	123.6
Wildhaus	998	2746129 / 1229567	01.1961-12.1990	13.4	11.6	14.0	13.6	15.1	15.8	15.0	14.7	10.6	9.3	11.6	12.3	157.0
Wimmis	648	2617298 / 1168863	01.1961-12.1990	11.2	10.4	12.5	12.8	14.8	14.6	12.3	13.3	8.9	8.6	10.5	10.8	140.7
Winterthur / Seen	506	2699845 / 1259053	01.1961-12.1990	12.5	11.0	12.5	12.6	13.1	12.5	11.6	12.2	9.0	9.1	11.8	11.9	139.8
Wittnau	463	2639941 / 1258983	01.1961-12.1990	12.4	10.7	13.0	12.3	13.6	12.3	10.3	11.8	8.5	8.9	11.2	11.8	136.8
Witzwil	433	2570636 / 1205385	01.1961-12.1990	11.2	9.3	11.0	10.3	12.7	10.8	9.3	10.5	7.9	8.7	9.9	10.4	122.0
Wynau	421	2626405 / 1233849	01.1961-12.1990	10.6	9.3	11.4	10.7	11.6	11.2	10.3	10.9	8.3	8.2	10.0	10.2	122.7
Wädenswil	485	2693847 / 1230744	01.1961-12.1990	11.7	11.0	12.4	12.6	13.7	13.5	12.5	13.3	9.4	8.9	11.1	11.5	141.6
Yverdon-les-Bains	432	2539851 / 1181493	01.1961-12.1990	10.9	9.6	10.5	9.4	11.4	11.2	9.2	9.8	8.2	8.3	9.6	10.3	118.4
Zermatt	1638	2624297 / 1097574	01.1961-12.1990	6.6	6.3	7.7	6.7	10.0	8.6	8.9	9.9	6.9	6.7	7.0	6.7	92.0
Zernez	1465	2802572 / 1175429	01.1961-12.1990	7.2	6.2	6.8	7.8	11.2	11.3	11.2	11.4	7.9	6.8	7.5	7.4	102.7
Zervreila	1738	2728780 / 1159992	01.1961-12.1990	9.7	8.9	11.1	11.8	14.3	13.5	13.5	14.0	10.0	8.6	10.2	9.6	135.2
Zofingen	432	2638189 / 1236711	01.1961-12.1990	12.4	10.8	12.4	12.1	13.3	12.4	11.5	11.8	8.7	8.5	11.0	11.6	136.5
Zug	435	2682330 / 1225469	01.1961-12.1990	11.1	10.4	11.6	12.5	13.3	13.7	12.2	12.7	8.9	8.5	10.4	10.8	136.1
Zugerberg	880	2683303 / 1223008	01.1961-12.1990	11.4	11.0	13.1	13.2	14.6	15.3	13.4	14.7	10.2	9.2	11.2	11.2	148.5
Zweisimmen	936	2595880 / 1155471	01.1961-12.1990	11.2	10.1	11.9	12.3	14.6	14.7	12.8	12.7	9.2	8.8	10.6	11.3	140.2
Zwillikon	461	2675138 / 1238164	01.1961-12.1990	10.7	10.6	11.0	12.1	13.2	13.4	12.1	11.8	8.5	8.3	10.3	10.4	132.4
Zürich / Affoltern	443	2681433 / 1253547	01.1961-12.1990	10.1	9.1	10.5	11.6	11.8	11.6	10.9	11.6	8.3	7.8	10.1	10.0	123.4
Zürich / Fluntern	555	2685117 / 1248065	01.1961-12.1990	11.2	10.4	11.7	12.2	12.8	13.0	11.9	12.2	9.0	8.5	10.7	10.6	134.2
Zürich / Kloten	426	2682711 / 1259338	01.1961-12.1990	10.9	9.5	10.9	11.6	12.4	12.2	11.2	11.5	8.4	8.0	10.1	10.4	127.1

