Eidgenössisches Departement des Innern EDI
Bundesamt für Meteorologie und Klimatologie
MeteoSchweiz

Erstellungsdatum: 17.12.2021 / Stand: 01.01.2022

Monatswerte Luftdruck auf Stationshöhe / Hektopascal / Normwerte 1961-1990

Station	Stationshöhe [m]	CH Koordinaten	Referenzperiode	Jan	Feb	Mar	Apr	Mai	Jun	Jul	Aug	Sep	Okt	Nov	Dez	Jahr
Aadorf / Tänikon	539	2710518 / 1259824	01.1961-12.1990	953.9	952.1	952.1	950.6	952.2	954.1	955.2	954.7	955.8	955.2	953.4	953.6	953.6
Acquarossa / Comprovasco	575	2714985 / 1146450	01.1961-12.1990	949.3	947.4	947.0	944.9	946.6	947.4	948.2	948.1	950.0	950.1	948.6	948.7	948.0
Adelboden	1321	2609371 / 1148939	01.1961-12.1990	865.0	863.4	864.1	863.4	866.3	869.1	871.0	870.4	870.6	868.9	865.6	865.2	866.9
Altdorf	437	2690180 / 1193563	01.1961-12.1990	965.7	963.7	963.6	961.7	963.2	964.9	966.0	965.7	966.8	966.5	965.0	965.5	964.9
Arosa	1878	2771030 / 1184830	01.1961-12.1990	806.9	805.4	806.2	806.1	809.8	812.9	815.2	814.7	814.6	812.5	808.3	807.2	810.0
Bad Ragaz	496	2756911 / 1209350	01.1961-12.1990	959.6	957.6	957.4	955.5	957.0	958.9	960.1	959.6	960.8	960.5	958.9	959.4	958.8
Basel / Binningen	316	2610908 / 1265611	01.1961-12.1990	979.8	977.9	977.7	976.2	977.6	979.3	980.2	979.6	980.7	980.6	978.9	979.4	979.0
Bern / Zollikofen	552	2601934 / 1204409	01.1961-12.1990	952.4	950.5	950.6	948.9	950.6	952.5	953.7	953.2	954.1	953.6	951.9	952.2	952.0
Beznau	325	2659813 / 1267696	01.1961-12.1990	979.2	977.1	976.8	974.8	976.3	978.1	979.2	978.7	980.0	979.7	978.2	978.7	978.1
Buchs / Aarau	386	2648396 / 1248369	01.1961-12.1990	972.1	970.0	969.8	967.9	969.3	971.1	972.2	971.8	973.0	972.8	971.3	971.7	971.1
Chasseral	1594	2570845 / 1220157	01.1961-12.1990	835.5	834.0	835.0	834.6	838.0	841.1	843.0	842.4	842.3	840.2	836.5	835.8	838.2
Chaumont	1136	2565060 / 1211006	01.1961-12.1990	885.6	884.1	884.8	883.9	886.5	889.1	890.9	890.4	890.6	889.1	886.3	885.6	887.2
Chur	556	2759466 / 1193152	01.1961-12.1990	952.4	950.4	950.1	948.3	949.9	951.7	953.0	952.5	953.8	953.4	951.8	952.2	951.6
Château-d'Oex	1028	2577040 / 1147654	01.1961-12.1990	898.2	896.5	896.9	895.9	898.3	900.6	902.2	901.5	902.0	900.9	898.4	898.1	899.1
Cimetta	1661	2704433 / 1117457	01.1961-12.1990	828.6	827.2	827.9	827.6	831.3	833.8	835.8	835.4	835.5	833.9	829.7	828.5	831.3
Col du Grand St-Bernard	2472	2579191 / 1079754	01.1961-12.1990	746.6	745.2	746.1	746.4	750.5	754.1	756.9	756.3	755.9	753.4	748.6	747.3	750.6
Davos	1594	2783519 / 1187458	01.1961-12.1990	836.4	834.8	835.5	835.1	838.2	841.0	843.0	842.5	842.6	840.9	837.3	836.5	838.7
Disentis	1197	2708190 / 1173793	01.1961-12.1990	879.5	877.9	878.3	877.4	880.0	882.3	883.9	883.4	884.0	882.9	880.1	879.5	880.8
Einsiedeln	910	2699983 / 1221068	01.1961-12.1990	910.9	909.2	909.7	908.6	911.0	913.4	914.8	914.4	914.9	913.7	911.0	910.8	911.9
Engelberg	1035	2674161 / 1186069	01.1961-12.1990	896.7	895.0	895.6	894.7	897.1	899.7	901.3	900.8	901.3	900.0	897.2	896.7	898.0
Fahy	596	2562464 / 1252675	01.1961-12.1990	946.7	944.9	945.2	943.8	945.5	947.6	948.9	948.2	949.1	948.2	946.3	946.5	946.7
Fribourg / Grangeneuve	650	2575183 / 1180076	01.1961-12.1990	941.0	939.1	939.3	937.7	939.5	941.6	942.8	942.4	943.2	942.5	940.6	940.8	940.9
Genève / Cointrin	410	2498904 / 1122631	01.1961-12.1990	969.5	967.2	967.3	965.2	966.7	968.4	969.4	968.9	970.1	969.8	968.5	969.1	968.3
Glarus	516	2723756 / 1210567	01.1961-12.1990	956.7	954.8	954.6	952.8	954.2	956.1	957.3	956.8	957.9	957.6	956.0	956.5	955.9
Grimsel Hospiz	1980	2668583 / 1158214	01.1961-12.1990	798.7	797.1	798.1	798.2	801.8	804.9	807.2	806.6	806.5	804.4	800.2	799.0	801.9
Gstaad	1100	2586999 / 1143000	01.1961-12.1990	896.4	894.4	895.1	893.9	896.4	898.8	900.6	900.0	900.5	899.3	896.6	896.4	897.4
Gütsch, Andermatt	2286	2690087 / 1167480	01.1961-12.1990	765.5	764.0	765.1	765.4	769.4	772.8	775.3	774.8	774.5	772.1	767.5	766.0	769.4
Güttingen	440	2738422 / 1273962	01.1961-12.1990	965.4	963.7	963.4	961.6	963.1	964.8	965.9	965.4	966.5	966.3	964.7	965.1	964.7
Hallau	419	2677456 / 1283471	01.1961-12.1990	968.1	966.2	966.0	964.2	965.7	967.4	968.5	968.1	969.2	968.9	967.4	967.7	967.3
Hinterrhein	1611	2733900 / 1153979	01.1961-12.1990	834.6	833.1	833.8	833.4	836.7	839.2	841.1	840.7	840.9	839.4	835.7	834.8	837.0
Interlaken	577	2633023 / 1169091	01.1961-12.1990	949.5	947.5	947.6	945.9	947.5	949.5	950.7	950.2	951.2	950.7	948.9	949.3	949.0
Jungfraujoch	3571	2641938 / 1155287	01.1961-12.1990	648.2	646.8	647.9	649.0	654.2	658.6	662.1	661.6	660.6	657.4	651.5	649.3	653.9
Koppigen	485	2612663 / 1218664	01.1961-12.1990	960.5	958.5	958.5	956.7	958.2	960.1	961.3	960.8	961.8	961.4	959.8	960.2	959.8
La Chaux-de-Fonds	1017	2550919 / 1214861	01.1961-12.1990	899.0	897.3	898.0	897.0	899.4	901.9	903.5	902.8	903.3	901.8	899.1	898.7	900.2
La Dôle	1669	2497059 / 1142372	01.1961-12.1990	828.2	826.5	827.6	827.1	830.4	833.5	835.8	835.0	834.9	832.8	829.1	828.4	830.8
Langnau i.E.	743	2628004 / 1198793	01.1961-12.1990	930.2	928.2	928.8	927.4	929.3	931.5	933.0	932.4	933.2	932.2	930.0	930.0	930.5
Le Moléson	1974	2567718 / 1155076	01.1961-12.1990	796.8	795.3	796.3	795.9	799.7	803.2	805.5	804.9	804.8	802.2	798.1	797.1	800.0
Locarno / Monti	366	2704166 / 1114315	01.1961-12.1990	972.0	970.2	969.7	967.6	969.4	970.0	970.6	970.5	972.3	972.9	971.3	971.5	970.7
Lugano	273	2717874 / 1095882	01.1961-12.1990	981.1	979.1	978.4	976.3	977.8	978.4	978.8	978.6	980.7	981.5	980.0	980.3	979.3
Luzern	454	2665544 / 1209849	01.1961-12.1990	963.8	961.8	961.7	960.0	961.5	963.5	964.6	964.1	965.2	964.7	963.0	963.5	963.1
Magadino / Cadenazzo	203	2715479 / 1113160	01.1961-12.1990	992.6	990.6	989.9	987.5	989.0	989.5	990.0	990.0	992.0	992.9	991.6	992.0	990.6
Meiringen	588	2655844 / 1175929	01.1961-12.1990	948.2	946.3	946.4	944.6	946.3	948.3	949.6	949.2	950.1	949.5	947.8	948.1	947.9
Montana	1422	2601708 / 1127488	01.1961-12.1990	854.6	852.9	853.5	852.6	855.6	858.2	860.2	859.6	859.9	858.5	855.2	854.6	856.3
Montreux-Clarens	405	2558559 / 1143600	01.1961-12.1990	970.3	968.1	968.1	966.0	967.5	969.3	970.4	969.8	971.0	970.7	969.4	970.0	969.2
Napf	1403	2638137 / 1206079	01.1961-12.1990	856.2	854.6	855.5	855.1	858.0	860.8	862.6	862.0	862.2	860.3	857.1	856.4	858.4
Neuchâtel	485	2563086 / 1205559	01.1961-12.1990	960.5	958.4	958.4	956.5	958.1	960.0	961.0	960.6	961.7	961.3	959.8	960.2	959.7
Payerne	490	2562130 / 1184611	01.1961-12.1990	959.9	957.7	957.7	955.8	957.4	959.4	960.6	960.1	961.2	960.7	959.1	959.6	959.1
Pilatus	2105	2661904 / 1203410	01.1961-12.1990	783.3	781.8	783.0	782.9	786.8	790.3	792.6	792.1	791.8	789.3	784.9	783.7	786.9
Piotta	990	2695880 / 1152264	01.1961-12.1990	902.0	900.2	900.6	899.5	902.1	903.7	904.9	904.6	905.5	905.1	902.4	901.9	902.7
Piz Corvatsch	3294	2783155 / 1143524	01.1961-12.1990	671.8	670.4	671.6	672.7	677.8	681.8	684.9	684.5	683.6	680.8	674.9	672.8	677.3
Poschiavo / Robbia	1078	2801993 / 1136248	01.1961-12.1990	891.7	890.0	890.1	889.2	892.1	893.7	895.2	895.0	895.7	895.2	892.0	891.3	892.6
Pully	455	2540819 / 1151510	01.1961-12.1990	963.7	961.7	961.7	959.6	961.3	963.1	964.2	963.7	964.8	964.4	962.9	963.5	962.9
Rheinfelden	300	2626970 / 1266320	01.1961-12.1990	982.5	980.7	980.3	978.3	979.7	981.5	982.2	981.9	983.3	983.1	981.7	982.2	981.5
S. Bernardino	1638	2734116 / 1147293	01.1961-12.1990	831.7	830.2	830.9	830.6	834.0	836.5	838.5	838.1	838.3	836.8	832.9	831.9	834.2
Samedan	1708	2787250 / 1155684	01.1961-12.1990	824.6	822.8	823.6	823.3	826.8	829.4	831.3	830.8	830.9	829.5	825.8	824.9	827.0
Schaffhausen	438	2688703 / 1282803	01.1961-12.1990	965.7	963.9	963.6	961.8	963.3	965.0	966.2	965.7	966.9	966.5	964.9	965.3	964.9
Scuol	1303	2817138 / 1186393	01.1961-12.1990	868.2	865.7	865.8	865.2	868.2	870.6	872.1	871.6	872.2	871.2	868.4	867.8	868.9
Sion	482	2591632 / 1118583	01.1961-12.1990	961.2	958.8	958.4	956.1	957.7	959.4	960.5	960.3	961.6	961.6	960.3	960.9	959.7
St. Gallen	775	2747865 / 1254587	01.1961-12.1990	926.1	924.4	924.6	923.2	925.1	927.2	928.6	928.1	929.0	928.1	926.0	925.9	926.4
Säntis	2501	2744188 / 1234920	01.1961-12.1990	744.9	743.6	744.7	745.5	749.7	753.3	755.9	755.4	754.8	752.3	747.3	745.6	749.4
Vaduz	457	2757723 / 1221699	01.1961-12.1990	963.7	961.8	961.6	959.8	961.2	963.0	964.1	963.6	964.8	964.5	962.9	963.4	962.9
Weissfluhjoch	2691	2780615 / 1189634	01.1961-12.1990	728.6	727.2	728.3	729.0	733.5	737.2	739.9	739.4	738.8	736.3	731.0	729.3	733.2
Wynau	421	2626405 / 1233849	01.1961-12.1990	967.8	965.7	965.6	963.5	965.0	966.7	967.8	967.3	968.5	968.2	966.9	967.4	966.7
Zermatt	1638	2624297 / 1097574	01.1961-12.1990	831.9	830.2	830.9	830.4	833.5	836.3	838.4	838.0	838.1	836.6	832.9	832.0	834.1
Zürich / Fluntern	555	2685117 / 1248065	01.1961-12.1990	951.8	949.9	949.9	948.3	950.0	951.9	953.1	952.6	953.6	953.0	951.3	951.5	951.4
Zürich / Kloten	426	2682711 / 1259338	01.1961-12.1990	967.1	965.1	965.1	963.2	964.7	966.6	967.8	967.3	968.4	967.9	966.3	966.7	966.4

