Eidgenössisches Departement des Innern EDI
Bundesamt für Meteorologie und Klimatologie
MeteoSchweiz

Erstellungsdatum: 17.12.2021 / Stand: 01.01.2022

Monatswerte Lufttemperatur 2m / Grad Celsius / Normwerte 1961-1990

Station	Stationshöhe [m]	CH Koordinaten	Referenzperiode	Jan	Feb	Mar	Apr	Mai	Jun	Jul	Aug	Sep	Okt	Nov	Dez	Jahr
Aadorf / Tänikon	539	2710518 / 1259824	01.1961-12.1990	-1.1	0.2	3.5	7.1	11.5	14.9	17.0	16.2	13.2	8.5	3.3	0.0	7.9
Acquarossa / Comprovasco	575	2714985 / 1146450	01.1961-12.1990	0.9	1.8	5.2	8.9	12.7	16.1	18.3	17.4	14.4	9.9	4.9	2.2	9.4
Adelboden	1321	2609371 / 1148939	01.1961-12.1990	-2.5	-2.1	-0.1	3.3	7.7	10.9	13.3	12.7	10.4	6.9	1.6	-1.3	5.1
Aigle	381	2560403 / 1130713	01.1961-12.1990	0.0	1.7	4.7	8.5	12.4	15.7	18.0	17.1	14.1	9.5	4.3	0.7	8.9
Altdorf	437	2690180 / 1193563	01.1961-12.1990	0.5	1.9	4.6	8.2	12.5	15.5	17.6	16.8	14.0	9.8	4.6	1.0	8.9
Andermatt	1434	2687444 / 1165043	01.1961-12.1990	-5.5	-4.8	-2.5	1.0	5.8	9.0	11.3	10.9	8.7	4.7	-1.1	-4.7	2.7
Arosa	1878	2771030 / 1184830	01.1961-12.1990	-4.5	-4.6	-2.9	0.0	4.6	7.9	10.5	10.2	8.0	4.9	-0.6	-3.4	2.5
Bad Ragaz	496	2756911 / 1209350	01.1961-12.1990	-0.1	1.5	5.0	8.7	12.9	15.8	17.7	16.9	14.2	9.8	4.5	0.5	9.0
Basel / Binningen	316	2610908 / 1265611	01.1961-12.1990	0.9	2.4	5.6	9.1	13.1	16.3	18.5	17.7	14.8	10.1	4.9	1.8	9.6
Bern / Zollikofen	552	2601934 / 1204409	01.1961-12.1990	-1.3	0.5	3.7	7.5	11.7	15.1	17.5	16.7	13.5	8.7	3.2	-0.2	8.1
Biel/Bienne	433	2586260 / 1218840	01.1961-12.1990	-0.3	1.3	4.4	8.5	12.8	16.3	18.7	17.7	14.5	9.6	4.2	0.9	9.1
Blatten, Lötschental	1538	2629563 / 1141083	01.1961-12.1990	-6.1	-5.0	-2.3	1.4	6.3	9.9	12.4	11.3	8.5	4.2	-1.4	-5.2	2.8
Buchs / Aarau	386	2648396 / 1248369	01.1961-12.1990	-0.4	1.1	4.3	8.1	12.5	15.8	18.0	17.1	14.0	9.3	4.0	0.7	8.7
Buffalora	1971	2816494 / 1170254	01.1961-12.1990	-9.7	-8.7	-5.6	-1.4	3.5	7.4	9.7	9.3	6.4	1.7	-4.7	-9.2	-0.1
Bullet / La Frétaz	1205	2534225 / 1188081	01.1961-12.1990	-2.0	-1.6	0.4	3.4	7.7	10.9	13.4	13.0	10.6	6.8	1.7	-1.0	5.3
Chasseral	1594	2570845 / 1220157	01.1961-12.1990	-3.1	-3.4	-2.0	0.5	4.8	8.2	10.7	10.4	8.3	5.4	0.2	-2.0	3.2
Chaumont	1136	2565060 / 1211006	01.1961-12.1990	-2.0	-1.4	0.7	3.7	7.8	11.1	13.8	13.2	10.8	7.2	2.0	-0.7	5.5
Chur	556	2759466 / 1193152	01.1961-12.1990	-0.1	1.5	4.8	8.4	12.8	15.7	17.7	16.9	14.2	9.8	4.2	0.3	8.9
Château-d'Oex	1028	2577040 / 1147654	01.1961-12.1990	-3.1	-1.8	0.8	4.5	9.0	12.2	14.3	13.5	10.8	6.6	1.3	-2.4	5.5
Cimetta	1661	2704433 / 1117457	01.1961-12.1990	-1.8	-2.6	-0.6	1.6	5.6	9.6	12.1	11.8	9.6	6.0	1.0	-0.9	4.3
Col du Grand St-Bernard	2472	2579191 / 1079754	01.1961-12.1990	-8.2	-8.2	-7.0	-4.4	0.1	3.8	7.0	6.7	4.5	0.7	-4.5	-6.8	-1.4
Davos	1594	2783519 / 1187458	01.1961-12.1990	-5.3	-4.7	-2.2	1.3	5.9	9.0	11.3	10.8	8.3	4.7	-1.0	-4.4	2.8
Delémont	439	2593269 / 1244543	01.1961-12.1990	-0.6	1.3	4.2	7.7	11.9	15.2	17.4	16.6	13.9	9.5	3.9	0.4	8.5
Disentis	1197	2708190 / 1173793	01.1961-12.1990	-2.0	-1.3	1.1	4.3	8.7	12.0	14.4	13.7	11.3	7.5	1.9	-1.2	5.9
Ebnat-Kappel	623	2726347 / 1237176	01.1961-12.1990	-2.6	-1.0	2.3	6.1	10.6	13.8	16.0	15.1	12.3	7.8	2.3	-1.7	6.8
Einsiedeln	910	2699983 / 1221068	01.1961-12.1990	-2.7	-1.8	0.9	4.6	9.3	12.5	14.9	14.1	11.5	7.2	1.9	-1.7	5.9
Elm	957	2732265 / 1198424	01.1961-12.1990	-3.0	-1.8	0.7	4.6	9.4	12.3	14.3	13.6	11.0	7.1	1.4	-2.2	5.6
Engelberg	1035	2674161 / 1186069	01.1961-12.1990	-2.7	-1.6	0.9	4.5	9.0	12.0	14.1	13.4	10.9	6.9	1.5	-2.0	5.6
Evolène / Villa	1825	2605411 / 1106748	01.1961-12.1990	-3.6	-3.5	-1.8	1.1	5.3	8.6	11.4	10.8	8.7	5.3	0.3	-2.3	3.4
Fahy	596	2562464 / 1252675	01.1961-12.1990	-0.1	1.1	3.9	7.0	11.1	14.3	16.7	16.2	13.4	9.1	4.1	0.8	8.1
Fey	737	2586724 / 1115180	01.1961-12.1990	0.0	1.5	4.4	8.2	12.7	16.0	18.3	17.2	14.3	9.9	4.4	1.0	9.0
Fribourg / Grangeneuve	650	2575183 / 1180076	01.1961-12.1990	-1.2	0.5	3.4	7.1	11.5	14.9	17.3	16.4	13.3	8.6	3.2	-0.2	7.9
Genève / Cointrin	410	2498904 / 1122631	01.1961-12.1990	0.8	2.3	5.1	8.8	13.0	16.5	19.1	18.2	14.9	10.1	5.0	1.8	9.6
Glarus	516	2723756 / 1210567	01.1961-12.1990	-1.2	0.3	3.6	7.7	12.0	14.9	16.9	16.2	13.4	9.1	3.7	-0.3	8.0
Grimsel Hospiz	1980	2668583 / 1158214	01.1961-12.1990	-5.5	-5.6	-4.2	-1.5	2.7	6.1	8.8	8.6	6.9	3.8	-1.5	-4.5	1.2
Grono	323	2733017 / 1124089	01.1961-12.1990	-0.3	1.5	5.3	9.2	13.2	16.7	19.3	18.2	14.9	10.3	4.6	0.8	9.5
Grächen	1605	2630738 / 1116062	01.1961-12.1990	-3.5	-3.2	-1.2	2.4	6.8	10.4	13.2	12.4	9.7	5.7	0.2	-2.4	4.2
Gstaad	1100	2586999 / 1143000	01.1961-12.1990	-4.0	-2.3	0.7	4.7	9.3	12.6	14.8	14.1	11.4	6.8	0.8	-3.3	5.5
Gütsch, Andermatt	2286	2690087 / 1167480	01.1961-12.1990	-6.5	-6.9	-6.0	-3.7	0.4	4.1	7.3	7.1	5.1	2.1	-3.1	-5.5	-0.5
Güttingen	440	2738422 / 1273962	01.1961-12.1990	-0.2	0.9	4.1	7.8	12.3	15.5	17.6	16.8	13.8	9.2	4.1	0.8	8.6
Hallau	419	2677456 / 1283471	01.1961-12.1990	-1.4	0.1	3.5	7.4	12.1	15.4	17.5	16.6	13.4	8.6	3.3	-0.3	8.0
Hinterrhein	1611	2733900 / 1153979	01.1961-12.1990	-6.6	-5.8	-3.1	0.5	5.1	8.9	11.5	10.9	8.3	4.1	-1.7	-5.6	2.2
Hörnli	1132	2713517 / 1247756	01.1961-12.1990	-1.5	-1.0	0.8	4.0	8.6	11.5	14.2	13.7	10.9	7.1	2.2	-0.6	5.8
Interlaken	577	2633023 / 1169091	01.1961-12.1990	-1.2	0.4	3.6	7.4	11.6	14.7	16.9	15.9	13.1	8.5	3.0	-0.4	7.8
Jungfraujoch	3571	2641938 / 1155287	01.1961-12.1990	-14.0	-14.3	-13.3	-11.1	-6.8	-3.5	-0.9	-1.0	-2.5	-5.2	-10.1	-12.5	-7.9
Koppigen	485	2612663 / 1218664	01.1961-12.1990	-1.2	0.4	3.5	7.4	11.8	15.1	17.3	16.8	13.5	8.7	3.3	-0.1	8.0
La Brévine	1050	2536981 / 1203974	01.1961-12.1990	-4.7	-3.0	-0.8	2.9	7.4	10.6	13.2	12.4	9.7	5.7	0.3	-3.9	4.2
La Chaux-de-Fonds	1017	2550919 / 1214861	01.1961-12.1990	-2.2	-1.2	0.8	4.2	8.5	11.8	14.2	13.5	11.0	7.2	1.8	-1.2	5.7
La Dôle	1669	2497059 / 1142372	01.1961-12.1990	-3.4	-3.5	-2.2	0.5	4.7	8.3	11.1	10.8	8.6	5.3	-0.1	-2.3	3.2
Langnau i.E.	743	2628004 / 1198793	01.1961-12.1990	-2.1	-0.5	2.4	5.9	10.2	13.5	15.9	15.0	12.3	7.9	2.5	-0.9	6.8
Le Moléson	1974	2567718 / 1155076	01.1961-12.1990	-3.8	-3.9	-3.1	-0.8	3.1	6.6	9.4	9.0	7.3	4.7	-0.3	-2.5	2.1
Locarno / Monti	366	2704166 / 1114315	01.1961-12.1990	2.7	4.1	7.4	10.9	14.5	18.1	20.7	19.8	16.7	12.0	6.7	3.8	11.5
Lugano	273	2717874 / 1095882	01.1961-12.1990	2.5	3.8	7.1	10.7	14.5	18.4	21.2	20.4	17.3	12.5	7.4	3.8	11.6
Luzern	454	2665544 / 1209849	01.1961-12.1990	-0.2	1.3	4.4	8.2	12.5	15.5	17.9	17.0	14.0	9.3	4.1	0.7	8.7
Magadino / Cadenazzo	203	2715479 / 1113160	01.1961-12.1990	0.1	2.8	6.8	10.8	14.6	18.1	20.4	19.3	15.8	10.7	4.9	0.9	10.4
Meiringen	588	2655844 / 1175929	01.1961-12.1990	-2.6	-0.4	3.1	7.4	11.8	14.6	16.6	15.7	12.9	8.4	2.5	-1.9	7.3
Montana	1422	2601708 / 1127488	01.1961-12.1990	-2.5	-2.2	-0.2	3.1	7.4	10.9	13.6	12.9	10.7	6.8	1.4	-1.4	5.0
Montreux-Clarens	405	2558559 / 1143600	01.1961-12.1990	1.5	2.8	5.4	9.1	13.3	16.7	19.3	18.6	15.5	10.9	5.8	2.4	10.1
Napf	1403	2638137 / 1206079	01.1961-12.1990	-2.3	-2.4	-0.5	2.3	6.5	9.8	12.6	12.2	9.9	6.8	1.2	-1.1	4.6
Neuchâtel	485	2563086 / 1205559	01.1961-12.1990	0.6	1.9	4.8	8.6	12.8	16.2	18.8	18.0	14.9	10.0	4.7	1.5	9.4
Nyon / Changins	458	2506877 / 1139573	01.1961-12.1990	0.4	1.9	4.8	8.6	12.6	16.1	18.7	17.9	14.7	9.9	4.8	1.5	9.3
Passo del Bernina	2260	2798423 / 1143019	01.1961-12.1990	-7.2	-7.5	-5.7	-2.7	1.8	5.7	8.8	8.4	5.8	2.0	-3.5	-6.3	0.0
Payerne	490	2562130 / 1184611	01.1961-12.1990	-0.6	1.0	4.2	7.9	12.0	15.4	17.9	17.1	14.0	9.2	3.9	0.5	8.5
Pilatus	2105	2661904 / 1203410	01.1961-12.1990	-4.7	-5.0	-3.9	-1.9	2.2	5.3	8.1	7.8	6.2	3.8	-1.4	-3.5	1.1
Piotta	990	2695880 / 1152264	01.1961-12.1990	-1.7	-0.4	2.4	5.8	10.1	13.9	16.5	15.4	12.4	7.8	2.2	-0.7	7.0
Piz Corvatsch	3294	2783155 / 1143524	01.1961-12.1990	-12.4	-12.7	-11.5	-8.8	-4.5	-1.4	1.3	1.3	-0.5	-3.4	-8.7	-11.1	-6.0
Plaffeien	1042	2586828 / 1177406	01.1961-12.1990	-2.0	-1.0	1.2	4.4	8.7	12.2	14.7	14.1	11.4	7.3	2.2	-0.9	6.0
Poschiavo / Robbia	1078	2801993 / 1136248	01.1961-12.1990	-2.1	-0.9	2.4	6.3	10.0	13.3	15.6	14.8	11.7	7.4	2.3	-0.8	6.7
Pully	455	2540819 / 1151510	01.1961-12.1990	1.4	2.8	5.4	9.0	13.1	16.4	19.2	18.3	15.3	11.0	5.5	2.2	10.0
Rheinfelden	300	2626970 / 1266320	01.1961-12.1990	-0.1	1.5	4.6	8.3	12.5	15.8	18.1	17.3	14.1	9.7	4.2	0.9	8.9
Rünenberg	611	2633252 / 1253846	01.1961-12.1990	-0.6	0.9	3.9	7.2	11.4	14.6	16.9	16.3	13.6	9.3	3.9	0.8	8.2
S. Bernardino	1638	2734116 / 1147293	01.1961-12.1990	-4.3	-4.2	-2.0	1.1	5.3	9.5	12.2	11.5	8.9	4.9	-0.4	-3.3	3.3
Salen-Reutenen	718	2719100 / 1279046	01.1961-12.1990	-1.6	-0.4	2.8	6.6	11.0	14.2	16.4	15.8	12.9	8.3	2.8	-0.5	7.4
Samedan	1708	2787250 / 1155684	01.1961-12.1990	-8.7	-7.4	-4.1	0.1	5.1	8.8	11.0	10.4	7.7	3.1	-3.3	-8.0	1.2
Schaffhausen	438	2688703 / 1282803	01.1961-12.1990	-0.9	0.9	4.5	8.3	12.6	15.7	17.9	17.1	14.0	9.0	3.5	0.2	8.6
Scuol	1303	2817138 / 1186393	01.1961-12.1990	-5.0	-3.3	0.4	4.4	8.8	11.9	14.2	13.5	10.9	6.2	-0.1	-4.3	4.8
Segl-Maria	1804	2778576 / 1144976	01.1961-12.1990	-7.5	-6.8	-4.1	-0.4	4.2	8.0	10.5	10.1	7.6	3.4	-2.2	-6.0	1.4
Sion	482	2591632 / 1118583	01.1961-12.1990	-0.8	1.6	5.3	9.4	13.7	17.0	19.1	17.9	14.6	9.5	3.4	-0.4	9.2
St. Gallen	775	2747865 / 1254587	01.1961-12.1990	-0.9	-0.1	2.8	6.1	10.5	13.6	15.9	15.3	12.8	8.5	3.5	0.1	7.3
Sta. Maria, Val Müstair	1386	2828862 / 1165579	01.1961-12.1990	-3.5	-2.4	0.5	4.1	8.6	12.1	14.3	13.6	10.9	6.4	0.8	-2.6	5.2
Stabio	351	2716048 / 1077971	01.1961-12.1990	0.4	2.1	6.0	10.1	14.0	17.6	20.1	19.1	15.8	11.0	5.2	1.3	10.2
Säntis	2501	2744188 / 1234920	01.1961-12.1990	-7.9	-8.1	-7.1	-4.7	-0.5	2.4	4.9	4.8	3.3	0.8	-4.3	-6.6	-1.9
Ulrichen	1345	2666747 / 1150766	01.1961-12.1990	-7.2	-5.6	-2.0	1.9	7.1	11.0	13.4	12.6	9.6	4.7	-1.7	-6.3	3.1
Vaduz	457	2757723 / 1221699	01.1961-12.1990	0.2	1.8	5.5	9.0	13.4	16.0	17.9	17.4	14.7	10.4	5.0	1.1	9.4
Visp	639	2631150 / 1128024	01.1961-12.1990	-1.7	0.8	4.8	8.8	13.1	16.2	18.3	17.4	14.3	9.2	3.0	-1.3	8.6
Weissfluhjoch	2691	2780615 / 1189634	01.1961-12.1990	-8.9	-9.2	-8.1	-5.6	-1.1	2.1	4.9	4.9	3.2	0.3	-4.9	-7.5	-2.5
Wynau	421	2626405 / 1233849	01.1961-12.1990	-0.7	0.7	3.8	7.6	12.0	15.4	17.5	16.7	13.6	8.9	3.7	0.3	8.3
Wädenswil	485	2693847 / 1230744	01.1961-12.1990	-0.4	1.0	4.2	8.1	12.4	15.7	18.0	17.0	14.2	9.5	4.3	0.7	8.7
Zermatt	1638	2624297 / 1097574	01.1961-12.1990	-4.8	-4.1	-1.6	1.9	6.5	9.7	12.3	11.5	8.8	4.8	-0.8	-3.8	3.4
Zürich / Affoltern	443	2681433 / 1253547	01.1961-12.1990	-0.6	0.8	4.2	8.0	12.4	15.6	17.8	16.9	13.8	9.1	3.9	0.5	8.5
Zürich / Fluntern	555	2685117 / 1248065	01.1961-12.1990	-0.5	0.9	4.2	7.8	12.1	15.2	17.6	16.7	13.8	9.3	3.9	0.6	8.5
Zürich / Kloten	426	2682711 / 1259338	01.1961-12.1990	-0.8	0.6	4.1	8.0	12.4	15.7	17.8	17.0	13.9	9.1	3.7	0.4	8.5

