stn;time;pva200m0;gre000m0;prestam0;tre200mx;tre200mn;tre200m0;hns000m0;rre150m0;ure200m0;hto000m0;su2000m0;sremaxmv;fkl010m0;nto000m0;ure200mn
SAE;200001;2.2;69;750.2;0.1;-18.6;-7.9;168;259.3;65.6;351;145.7;53;6.7;51;-
SAE;200002;2.6;87;750.5;1.6;-17.0;-7.0;354;472.4;76.9;487;78.4;27;7.6;75;-
SAE;200003;3.1;149;748.6;0.3;-17.0;-6.4;260;402.8;79.2;681;111.3;31;6.9;76;-
SAE;200004;3.6;215;743.8;9.2;-10.8;-2.2;55;113.3;72.5;732;157.2;40;4.9;67;-
SAE;200005;6.2;230;752.7;10.3;-6.4;2.4;32;252.9;84.8;494;156.2;34;4.0;75;-
SAE;200006;7.1;266;757.8;14.8;-3.5;5.7;9;146.1;78.3;271;199.2;42;3.3;65;-
SAE;200007;7.0;200;752.1;14.4;-4.7;3.1;70;510.8;91.2;122;105.5;22;4.8;84;-
SAE;200008;8.0;201;758.0;17.1;0.7;7.5;0;246.9;79.2;20;195.7;47;3.7;62;-
SAE;200009;6.3;150;753.3;13.4;-3.2;4.4;43;209.4;76.6;4;169.7;47;5.3;66;-
SAE;200010;5.1;91;750.7;9.5;-7.9;0.9;35;151.9;78.9;4;114.0;34;5.5;78;-
SAE;200011;3.4;65;743.1;8.9;-11.5;-3.9;106;156.1;75.6;38;99.8;36;5.8;69;-
SAE;200012;3.0;48;745.0;5.4;-16.0;-4.2;119;136.9;67.5;64;101.4;39;6.5;70;-
SAE;200101;2.6;60;743.3;2.2;-16.5;-6.9;97;103.7;69.5;138;110.6;40;5.8;68;-
SAE;200102;2.5;97;746.5;3.9;-19.9;-7.2;157;338.9;69.5;242;121.7;43;6.0;69;-
SAE;200103;4.0;113;740.9;6.9;-14.1;-4.0;171;601.1;86.2;342;60.6;17;7.5;90;-
SAE;200104;3.3;185;744.9;5.6;-16.6;-5.4;206;373.4;81.4;467;84.6;22;5.5;86;-
SAE;200105;6.3;256;752.7;10.8;-6.2;3.0;6;65.2;83.0;375;209.4;45;3.9;68;-
SAE;200106;6.1;209;753.8;14.8;-7.5;2.3;99;413.9;83.4;257;169.9;36;4.9;73;-
SAE;200107;8.0;208;755.4;15.4;-1.3;6.3;3;179.6;84.7;48;173.9;36;3.6;74;-
SAE;200108;8.1;215;757.5;18.1;-1.7;7.9;5;242.5;77.2;0;198.5;47;3.4;60;-
SAE;200109;5.4;115;749.7;8.1;-6.8;-0.5;164;448.9;91.3;48;52.2;14;4.9;88;-
SAE;200110;5.7;126;756.3;13.6;-5.1;4.2;28;127.4;71.4;4;189.6;57;5.4;60;-
SAE;200111;3.1;76;749.8;6.7;-15.1;-4.2;221;363.1;70.0;41;141.7;51;6.0;62;-
SAE;200112;2.4;53;746.9;2.3;-26.0;-8.9;214;295.4;68.1;187;107.8;42;8.2;61;-
SAE;200201;2.1;73;753.0;5.3;-17.4;-4.8;41;78.6;49.5;286;160.0;58;7.4;49;-
SAE;200202;3.4;72;746.5;5.3;-16.9;-5.3;223;362.5;82.5;303;54.6;19;8.5;85;-
SAE;200203;3.0;165;748.7;3.4;-15.8;-4.1;97;226.1;65.9;360;194.1;54;5.3;59;-
SAE;200204;3.7;212;746.5;4.0;-11.7;-3.9;87;174.2;79.5;375;140.9;36;3.9;72;-
SAE;200205;5.4;251;750.2;10.4;-8.1;0.9;50;109.2;83.6;375;146.9;32;4.1;75;-
SAE;200206;7.9;266;756.0;18.4;-3.3;6.5;9;238.3;81.8;149;188.1;40;4.1;69;-
SAE;200207;8.0;213;754.6;14.4;-2.3;5.8;4;304.7;87.2;2;152.9;32;3.7;73;-
SAE;200208;7.7;181;754.4;14.3;0.5;5.7;0;494.7;84.9;0;138.2;33;2.7;74;-
SAE;200209;5.6;158;752.9;11.6;-9.3;1.7;58;217.2;78.3;11;147.8;41;3.6;70;-
SAE;200210;4.6;95;749.4;8.6;-8.2;0.0;107;322.1;75.8;59;112.4;34;6.2;80;-
SAE;200211;4.2;56;744.1;5.4;-12.0;-3.2;184;442.1;85.2;115;66.9;24;6.1;78;-
SAE;200212;3.3;45;746.1;2.7;-10.6;-4.6;116;265.1;75.6;178;89.6;34;5.8;65;-
SAE;200301;2.3;59;743.0;1.2;-21.3;-9.0;188;284.8;71.0;291;118.6;43;6.5;67;-
SAE;200302;1.4;126;745.3;0.1;-20.2;-9.2;168;87.8;46.1;494;208.8;73;5.4;38;-
SAE;200303;2.8;180;752.5;2.4;-13.2;-4.4;22;83.4;61.1;391;236.6;65;5.0;52;-
SAE;200304;3.6;215;747.6;7.1;-18.0;-3.6;117;182.2;76.1;383;181.4;47;4.5;68;-
SAE;200305;5.8;234;754.2;12.5;-8.6;2.6;56;250.0;79.5;296;172.1;37;3.5;76;-
SAE;200306;9.0;266;757.9;17.2;2.3;9.2;0;149.6;78.2;91;219.4;46;2.3;68;-
SAE;200307;8.3;224;756.9;17.7;-0.8;7.0;2;240.4;83.4;0;198.8;42;2.5;66;-
SAE;200308;8.9;218;759.5;19.0;-2.4;10.1;5;105.4;74.0;0;232.9;56;2.3;55;-
SAE;200309;5.3;171;756.6;15.0;-4.1;4.1;13;119.9;69.0;1;199.0;55;2.7;58;-
SAE;200310;3.4;103;746.1;9.2;-13.9;-1.9;111;414.7;62.1;38;158.6;48;4.0;63;-
SAE;200311;3.4;78;749.9;9.2;-9.6;-1.0;81;118.8;62.7;57;139.9;50;3.6;59;-
SAE;200312;2.6;56;747.9;5.3;-20.7;-5.2;157;182.5;60.5;98;117.1;45;5.0;61;-
SAE;200401;2.3;52;740.0;0.3;-18.3;-9.1;319;480.9;76.1;326;67.9;25;6.0;84;-
SAE;200402;2.2;108;747.0;3.9;-18.8;-7.4;70;176.8;58.8;475;132.1;45;6.0;68;2.3
SAE;200403;2.5;178;748.4;6.8;-18.7;-6.5;142;92.3;66.6;510;174.3;48;5.0;63;2.0
SAE;200404;3.8;227;745.6;4.8;-11.2;-3.7;58;149.0;82.5;549;150.7;39;3.2;75;21.3
SAE;200405;4.8;246;748.9;8.1;-8.3;-1.4;70;185.6;86.1;510;154.6;34;2.4;71;5.1
SAE;200406;6.5;225;755.1;12.7;-4.5;3.2;44;219.6;85.5;399;124.0;26;3.6;81;7.7
SAE;200407;7.7;212;756.0;14.6;-2.7;5.3;18;241.4;85.7;173;144.1;30;3.7;73;2.6
SAE;200408;8.2;203;754.7;15.8;-1.2;6.5;1;252.2;85.0;7;160.4;38;3.4;76;18.9
SAE;200409;6.3;163;756.8;13.3;-5.8;4.2;36;199.9;78.5;5;163.0;45;3.8;65;5.3
SAE;200410;5.8;115;749.8;12.3;-7.9;2.2;22;132.5;81.4;4;136.7;41;4.3;79;16.1
SAE;200411;3.3;64;749.5;8.0;-16.1;-4.6;86;141.4;73.1;36;93.4;34;5.4;73;3.2
SAE;200412;2.5;64;748.1;3.8;-15.5;-4.8;76;160.5;60.3;80;155.2;60;4.4;47;3.4
SAE;200501;2.1;67;748.8;3.4;-22.4;-8.7;258;322.0;64.8;200;116.0;42;5.8;63;2.9
SAE;200502;1.7;106;741.4;-0.6;-24.0;-12.5;262;200.0;76.5;421;122.6;43;4.2;63;6.2
SAE;200503;3.2;166;746.3;5.5;-21.5;-6.4;75;145.0;75.5;465;176.1;49;4.8;69;11.4
SAE;200504;3.9;213;747.1;6.3;-12.3;-3.3;108;215.7;79.8;403;157.6;41;3.6;71;3.1
SAE;200505;5.5;237;752.5;13.4;-9.1;1.0;81;289.6;83.0;426;177.5;39;3.2;72;5.4
SAE;200506;7.2;254;756.7;16.7;-8.0;5.0;9;172.9;82.2;284;192.6;40;2.7;71;2.9
SAE;200507;7.9;196;755.4;18.6;-2.5;5.5;7;264.1;87.9;70;127.8;27;4.3;79;23.1
SAE;200508;7.4;171;754.8;13.3;-3.6;4.1;12;433.4;90.5;1;120.2;29;2.9;78;39.7
SAE;200509;7.3;163;755.9;13.2;-6.6;4.6;18;150.7;86.2;1;165.2;46;2.2;62;29.8
SAE;200510;4.8;136;755.8;13.4;-4.9;4.5;43;131.7;60.9;7;206.5;62;2.3;44;3.7
SAE;200511;3.2;73;748.1;8.6;-15.9;-4.9;50;60.6;71.0;15;120.0;43;4.6;62;11.4
SAE;200512;2.2;55;744.3;0.3;-21.5;-9.3;195;271.8;73.0;118;109.0;42;7.6;66;4.5
SAE;200601;1.8;80;748.9;3.2;-15.7;-7.3;71;136.4;54.3;246;180.7;66;6.5;45;4.1
SAE;200602;2.2;103;741.8;3.4;-18.2;-8.7;74;193.3;69.9;300;115.4;40;7.4;67;1.5
SAE;200603;3.0;140;741.0;5.1;-22.3;-7.6;161;483.2;80.9;385;109.7;30;8.5;75;7.7
SAE;200604;4.1;194;747.5;4.7;-13.1;-3.7;96;239.0;86.2;406;125.7;32;6.1;75;3.6
SAE;200605;5.5;200;752.4;8.7;-8.8;0.3;58;405.6;88.1;345;120.2;27;6.2;81;28.6
SAE;200606;7.2;286;758.0;15.3;-8.6;5.0;16;114.0;79.7;271;233.9;51;3.4;64;6.7
SAE;200607;9.2;258;760.9;16.4;3.7;9.9;0;140.8;76.8;33;232.5;51;2.5;56;3.4
SAE;200608;6.7;136;751.5;10.4;-4.0;2.0;53;490.6;94.7;4;69.3;17;5.5;90;4.8
SAE;200609;7.1;182;756.2;17.6;0.7;7.4;0;230.2;71.9;2;199.5;55;4.1;60;4.5
SAE;200610;5.2;119;753.6;12.1;-4.0;4.1;4;141.0;65.8;0;180.1;54;5.2;61;2.4
SAE;200611;3.5;70;752.7;7.9;-15.7;-1.6;42;164.5;66.7;13;124.7;45;6.3;66;1.5
SAE;200612;2.4;64;754.7;6.7;-12.5;-3.0;80;111.9;52.0;55;161.3;62;6.6;39;4.3
SAE;200701;3.4;49;750.2;3.9;-19.8;-5.3;118;432.8;79.2;136;96.2;35;9.3;75;4.7
SAE;200702;2.9;95;744.9;5.0;-11.1;-4.7;97;294.1;69.5;219;140.0;49;7.2;63;3.7
SAE;200703;3.0;161;746.3;3.1;-15.6;-5.6;143;78.3;76.3;358;186.1;51;5.9;62;6.0
SAE;200704;4.7;265;754.1;9.0;-9.0;1.5;8;11.6;68.5;330;297.7;76;3.7;41;5.9
SAE;200705;5.8;215;749.9;12.3;-6.5;2.0;66;356.7;82.7;196;171.8;38;5.4;74;14.3
SAE;200706;7.6;228;753.0;14.3;-3.2;4.7;8;298.2;88.8;100;158.6;35;4.8;79;33.3
SAE;200707;7.5;217;755.1;17.7;-3.5;5.4;31;377.2;85.1;3;184.5;40;6.2;71;10.5
SAE;200708;7.7;189;754.9;15.6;-1.2;5.6;0;282.3;85.2;0;173.9;41;4.1;66;4.6
SAE;200709;5.6;164;754.9;10.5;-6.8;1.4;61;174.1;83.3;7;161.5;45;4.9;66;6.2
SAE;200710;4.1;141;754.9;11.0;-13.5;0.4;31;46.6;65.8;11;206.2;62;5.4;55;2.4
SAE;200711;3.1;65;748.4;6.4;-17.3;-5.1;230;372.8;74.3;124;106.4;38;8.1;65;3.8
SAE;200712;2.3;52;750.6;1.2;-14.1;-6.4;155;371.1;60.8;297;135.0;52;8.2;54;1.8
SAE;200801;2.6;62;750.4;3.8;-14.8;-4.7;59;173.2;61.2;339;134.5;49;6.0;62;1.8
SAE;200802;2.3;115;754.5;5.6;-14.0;-4.4;51;161.8;50.4;342;203.8;68;8.0;41;1.9
SAE;200803;3.0;136;739.5;2.7;-19.0;-8.0;259;518.7;84.2;464;120.0;33;8.9;84;8.9
SAE;200804;3.9;197;744.0;3.1;-16.3;-4.7;141;401.9;88.4;659;103.8;26;5.9;85;13.4
SAE;200805;5.6;258;751.5;12.2;-6.1;2.2;17;51.0;78.6;552;189.5;42;3.9;63;9.0
SAE;200806;7.8;239;755.2;15.5;-4.3;5.0;12;114.9;88.4;276;141.2;31;4.2;79;34.2
SAE;200807;7.7;216;755.8;14.2;-2.5;5.6;20;262.2;84.4;103;168.7;37;5.5;74;15.9
SAE;200808;7.8;206;755.5;14.9;-2.3;6.4;12;208.0;81.7;1;185.3;44;5.4;68;10.5
SAE;200809;5.6;158;753.4;14.9;-5.9;2.0;24;139.0;77.7;2;151.0;42;4.7;69;3.3
SAE;200810;5.2;110;752.9;9.7;-9.8;0.9;57;147.5;80.3;6;149.2;45;6.6;68;2.0
SAE;200811;3.3;71;746.7;5.2;-17.4;-4.3;68;147.1;71.7;28;126.5;46;6.9;63;5.0
SAE;200812;2.7;52;746.1;1.1;-13.7;-6.8;159;234.8;74.0;155;112.6;44;7.1;62;5.9
SAE;200901;2.0;74;742.5;-0.9;-16.3;-7.8;47;90.6;59.5;211;174.2;63;6.0;42;2.4
SAE;200902;2.5;94;741.8;3.0;-18.9;-9.7;209;268.7;81.3;319;86.4;30;6.7;76;4.2
SAE;200903;2.8;145;744.4;2.3;-16.2;-7.5;135;322.9;80.7;460;111.0;31;7.7;81;3.0
SAE;200904;4.3;223;748.6;3.4;-8.5;-1.2;30;24.4;77.1;412;203.2;52;4.8;63;26.9
SAE;200905;5.9;250;755.7;15.5;-7.5;2.9;25;130.1;79.3;307;181.6;40;5.2;74;14.2
SAE;200906;7.1;192;753.9;12.7;-4.2;3.2;33;278.8;91.2;112;97.0;21;5.2;87;5.3
SAE;200907;8.1;199;756.6;15.7;-2.7;6.3;19;367.1;85.5;2;127.3;28;5.9;76;4.6
SAE;200908;8.7;221;758.9;18.0;-0.5;8.5;0;136.9;79.1;0;199.2;47;4.2;60;4.2
SAE;200909;6.8;181;757.2;15.8;-4.2;4.9;8;174.5;78.8;0;189.8;53;3.8;59;5.5
SAE;200910;4.3;108;751.9;11.8;-13.5;-0.3;80;201.3;71.4;37;131.2;39;6.4;71;3.2
SAE;200911;3.8;61;746.4;7.3;-9.5;-2.4;95;208.7;77.8;63;78.0;28;7.8;73;9.8
SAE;200912;2.9;49;738.7;1.4;-22.0;-8.6;198;263.2;83.8;195;71.4;28;7.2;76;12.9
SAE;201001;2.1;71;740.3;-0.8;-20.1;-9.6;116;178.8;72.1;317;123.4;45;6.4;63;2.5
SAE;201002;2.4;108;735.8;0.2;-20.0;-9.2;72;146.4;76.5;370;125.8;44;7.4;66;16.8
SAE;201003;2.8;165;746.1;2.8;-21.2;-7.3;45;203.7;75.5;349;167.6;46;7.6;73;8.0
SAE;201004;4.2;225;750.6;7.6;-12.5;-2.9;31;58.6;82.4;347;185.1;47;4.1;72;3.6
SAE;201005;5.4;202;748.4;8.1;-8.1;-1.0;61;255.0;93.7;296;73.7;16;5.0;90;10.3
SAE;201006;7.0;247;753.5;12.0;-5.4;4.4;19;156.3;83.0;178;159.2;35;4.2;73;6.2
SAE;201007;8.8;235;758.4;18.0;-0.9;7.9;0;321.5;83.1;17;197.2;43;3.5;66;14.7
SAE;201008;7.9;149;755.0;15.4;-4.6;4.9;16;505.5;90.8;1;92.6;22;7.0;82;23.9
SAE;201009;5.5;162;752.8;11.7;-6.5;2.0;64;157.2;79.2;11;147.8;41;4.9;72;4.6
SAE;201010;4.2;127;749.3;11.9;-11.0;0.2;61;100.9;68.0;30;192.0;58;5.8;52;2.5
SAE;201011;3.6;67;740.9;8.3;-17.9;-4.9;151;176.1;81.3;92;93.5;34;7.6;75;15.6
SAE;201012;2.4;48;740.1;0.9;-20.9;-9.8;112;126.1;76.2;258;71.9;28;7.2;77;9.7
SAE;201101;2.5;69;747.1;4.8;-17.7;-7.3;58;133.3;65.8;307;139.7;51;7.2;53;2.3
SAE;201102;2.3;113;747.9;5.1;-18.2;-5.8;65;79.8;60.7;321;163.7;57;6.8;56;2.4
SAE;201103;3.0;173;751.0;3.5;-11.8;-4.0;35;104.1;65.2;361;221.8;61;6.7;46;1.2
SAE;201104;4.4;234;752.7;7.7;-11.4;-0.5;24;56.4;75.1;297;222.3;57;3.7;56;16.2
SAE;201105;5.8;254;755.3;12.2;-6.9;2.4;28;192.7;80.2;203;207.8;46;3.7;67;2.7
SAE;201106;7.4;223;755.4;16.0;-3.3;4.3;4;318.8;89.1;56;130.9;29;5.0;80;10.7
SAE;201107;7.0;201;752.7;15.8;-3.8;3.8;6;304.0;86.8;0;130.0;28;4.4;80;2.9
SAE;201108;8.1;227;757.1;20.5;-2.3;8.0;1;185.5;76.7;0;231.4;55;6.0;52;3.2
SAE;201109;7.0;172;757.4;15.5;-5.5;6.3;11;195.8;73.7;1;200.3;56;5.8;50;13.7
SAE;201110;3.7;133;755.1;12.3;-10.1;1.8;60;238.0;54.5;9;219.9;66;5.5;42;2.8
SAE;201111;3.0;86;754.2;7.9;-5.2;1.4;0;0.0;46.2;0;200.8;73;4.9;37;2.5
SAE;201112;3.2;37;746.8;3.9;-17.4;-6.4;411;709.7;85.1;160;61.3;24;9.7;78;7.7
SAE;201201;2.8;56;748.7;-0.1;-15.4;-7.7;192;548.4;79.7;420;80.0;29;8.5;72;2.6
SAE;201202;2.1;119;747.3;3.5;-26.5;-11.5;61;121.7;73.3;557;144.3;48;8.1;58;3.4
SAE;201203;3.0;194;755.9;7.4;-14.5;-2.8;57;63.2;63.7;581;255.6;71;5.5;42;2.7
SAE;201204;3.7;215;741.2;8.4;-15.1;-3.7;79;133.4;81.9;575;114.8;29;6.0;83;17.4
SAE;201205;5.6;236;752.2;11.7;-10.2;1.3;35;172.2;82.4;490;173.2;39;4.8;72;6.6
SAE;201206;7.6;251;754.3;17.4;-2.9;5.4;26;384.7;85.2;324;165.3;36;5.8;75;28.5
SAE;201207;8.0;210;756.0;16.4;-2.1;5.9;2;157.2;86.9;75;122.2;27;5.5;78;29.5
SAE;201208;8.1;225;758.4;18.5;-2.3;8.4;28;281.0;75.5;0;203.3;48;4.3;63;4.1
SAE;201209;6.1;183;754.3;13.9;-6.0;4.5;9;204.7;73.8;3;197.5;55;5.4;65;3.0
SAE;201210;4.7;117;749.7;13.4;-15.0;1.9;28;264.2;69.1;3;176.7;53;6.0;61;2.3
SAE;201211;3.3;82;747.3;6.9;-14.6;-1.7;107;118.6;66.0;58;137.2;50;5.4;62;3.2
SAE;201212;2.8;46;743.7;6.2;-18.8;-8.0;220;517.7;80.2;243;67.1;26;9.2;83;10.7
SAE;201301;2.5;64;743.3;0.6;-18.9;-7.8;93;166.0;73.6;349;82.9;30;7.8;78;2.5
SAE;201302;2.1;117;739.6;-1.0;-20.2;-11.7;176;269.6;81.6;535;117.3;41;6.5;63;11.6
SAE;201303;2.8;162;738.4;1.0;-19.6;-6.7;61;131.9;75.5;501;119.2;33;5.8;76;5.0
SAE;201304;4.5;232;748.0;6.3;-11.7;-1.6;56;134.9;79.9;491;180.3;46;5.0;69;7.0
SAE;201305;5.0;222;746.8;7.1;-10.0;-1.6;133;401.0;92.0;406;92.8;21;5.2;84;39.2
SAE;201306;7.0;253;755.1;17.6;-6.3;3.4;17;373.5;90.8;389;156.2;34;4.6;76;33.3
SAE;201307;8.6;268;759.5;18.1;1.5;8.1;0;210.7;80.0;156;240.5;52;3.3;54;4.1
SAE;201308;7.8;201;757.8;18.4;-0.1;7.1;0;165.6;79.4;0;174.4;42;3.8;66;4.6
SAE;201309;6.4;145;754.2;14.6;-5.7;4.1;32;428.4;79.3;3;130.0;36;6.4;71;4.4
SAE;201310;5.6;107;753.3;10.7;-9.4;2.1;50;160.6;79.2;14;144.4;43;5.8;73;10.8
SAE;201311;3.4;68;746.3;5.1;-18.0;-4.9;89;281.0;77.4;43;98.7;36;7.7;71;3.2
SAE;201312;2.2;60;752.6;5.2;-13.8;-3.4;66;99.4;51.1;102;165.7;64;7.9;43;3.0
SAE;201401;3.0;56;742.7;3.8;-14.3;-5.5;87;160.4;73.2;182;90.3;33;7.7;73;3.0
SAE;201402;2.7;106;742.1;3.1;-12.1;-6.2;62;143.9;71.7;253;124.0;43;7.1;74;3.8
SAE;201403;2.6;183;748.8;5.4;-13.0;-3.1;94;69.5;59.6;297;231.0;64;5.5;51;3.3
SAE;201404;4.4;200;748.7;6.2;-12.1;-1.7;40;90.3;80.7;249;136.4;35;3.9;77;2.7
SAE;201405;5.0;226;750.9;8.9;-8.4;-0.6;77;237.3;85.8;230;124.2;28;5.6;82;5.1
SAE;201406;7.0;235;755.3;17.7;-2.3;4.6;6;214.7;83.9;92;172.8;38;3.8;74;25.4
SAE;201407;8.0;195;754.5;17.9;-2.4;6.0;7;490.4;86.6;0;123.9;27;4.2;81;23.1
SAE;201408;7.7;156;753.8;13.5;-3.9;4.0;20;292.4;93.0;1;77.3;18;5.8;87;43.3
SAE;201409;7.0;151;755.6;12.2;-4.7;4.3;7;133.0;83.7;1;137.3;38;3.7;67;3.2
SAE;201410;5.5;115;754.3;10.7;-9.1;2.9;42;249.1;73.6;10;174.7;52;6.2;60;3.4
SAE;201411;4.3;72;747.5;6.7;-7.3;0.2;47;76.4;70.2;25;120.0;43;6.2;66;4.6
SAE;201412;3.1;45;748.8;3.0;-18.4;-6.0;138;221.8;76.3;48;77.5;30;8.8;76;11.2
SAE;201501;2.6;58;746.4;3.1;-16.1;-7.3;131;376.1;71.3;191;83.2;30;9.7;71;10.5
SAE;201502;2.0;111;744.0;1.6;-17.1;-7.9;55;143.8;61.0;296;150.0;52;6.6;52;3.0
SAE;201503;3.1;157;749.6;2.5;-14.0;-5.0;96;295.7;75.2;349;172.0;48;7.5;64;3.0
SAE;201504;3.5;232;752.2;6.0;-14.5;-2.9;129;239.4;70.7;458;209.7;53;6.7;62;3.3
SAE;201505;5.6;214;752.6;10.1;-7.2;0.9;50;234.1;86.5;365;114.2;25;6.8;85;17.9
SAE;201506;7.6;248;757.3;15.6;-2.9;5.3;11;251.1;84.6;212;185.0;41;4.6;70;20.1
SAE;201507;9.1;258;758.6;20.0;-0.3;9.5;0;160.2;78.1;10;224.9;49;5.3;59;5.8
SAE;201508;8.8;211;757.8;18.1;-0.1;8.7;0;104.6;78.6;0;206.0;49;3.1;58;9.4
SAE;201509;5.6;144;753.5;11.9;-4.3;1.7;17;170.7;81.4;2;132.0;37;4.5;70;4.8
SAE;201510;4.5;129;751.8;9.6;-8.4;0.5;38;101.8;72.2;7;190.2;57;5.0;56;2.3
SAE;201511;3.7;75;753.7;11.0;-15.0;-1.1;92;211.5;65.8;24;142.5;51;10.5;60;2.4
SAE;201512;3.0;65;759.6;5.7;-8.9;-0.4;29;75.6;53.6;82;181.3;70;7.8;41;3.0
SAE;201601;3.0;54;745.0;4.4;-19.6;-6.9;224;437.1;78.6;203;64.9;24;9.5;78;8.8
SAE;201602;2.8;91;743.2;3.8;-14.9;-6.7;104;323.0;75.7;351;89.3;30;10.0;83;5.3
SAE;201603;2.6;171;743.9;3.7;-15.5;-7.0;65;180.6;70.9;411;164.9;46;6.2;62;5.3
SAE;201604;3.8;219;746.4;6.9;-13.4;-3.0;79;192.0;78.3;389;143.1;36;5.9;76;5.1
SAE;201605;5.1;236;749.6;8.9;-9.5;-0.1;106;490.4;82.9;421;146.1;32;5.4;74;11.7
SAE;201606;7.4;210;753.7;17.4;-2.2;3.8;19;349.1;92.0;264;86.7;19;4.7;86;8.1
SAE;201607;8.7;238;758.5;16.8;-2.9;6.9;15;276.0;87.0;67;158.7;35;4.7;72;14.7
SAE;201608;8.0;217;759.6;17.2;-3.0;7.2;4;230.8;80.4;0;193.9;46;4.4;61;2.4
SAE;201609;7.1;170;757.7;13.8;-0.7;5.5;0;169.4;78.8;0;177.8;49;4.1;54;7.6
SAE;201610;4.3;109;753.3;9.5;-8.7;-0.8;26;109.6;75.9;3;123.1;37;5.2;69;2.2
SAE;201611;3.4;60;747.7;5.3;-13.9;-3.7;91;166.0;70.3;44;79.8;29;8.1;74;4.4
SAE;201612;2.3;73;758.0;4.7;-9.8;-2.7;12;15.4;47.7;27;203.3;79;6.6;30;2.0
SAE;201701;1.7;77;747.5;-0.9;-22.2;-9.1;206;347.2;57.6;122;148.1;54;7.2;50;4.8
SAE;201702;2.8;112;748.1;2.2;-12.7;-5.0;72;180.1;67.8;229;140.9;49;7.1;60;7.2
SAE;201703;3.5;172;750.1;5.0;-12.1;-2.6;92;417.5;68.7;289;192.7;53;7.7;62;3.3
SAE;201704;3.7;220;750.6;4.5;-14.4;-3.8;111;183.8;78.7;222;156.6;40;5.9;68;4.8
SAE;201705;5.6;262;753.5;12.4;-8.0;1.8;69;204.2;79.7;243;177.1;39;4.2;68;3.0
SAE;201706;8.5;237;756.2;16.5;-3.8;6.8;4;247.2;85.4;62;156.6;34;6.1;74;6.0
SAE;201707;8.5;211;756.8;16.7;-0.8;6.9;3;370.1;86.0;0;142.8;31;5.9;79;29.6
SAE;201708;8.8;218;758.8;18.0;-0.7;8.4;0;242.5;80.2;0;187.3;45;4.7;67;2.6
SAE;201709;5.7;139;752.7;8.8;-5.2;0.9;59;254.7;87.5;6;101.4;28;5.5;81;19.2
SAE;201710;4.5;127;756.5;12.6;-9.6;1.6;65;255.8;67.3;12;172.2;52;7.4;56;4.6
SAE;201711;3.1;72;747.7;4.8;-14.7;-4.9;141;314.0;74.9;68;105.2;38;8.6;68;11.0
SAE;201712;2.6;55;745.4;3.4;-17.3;-7.8;306;518.4;76.1;282;107.7;42;9.2;68;14.1
SAE;201801;3.3;59;746.3;2.0;-14.1;-5.2;203;573.9;78.7;406;98.6;36;10.4;-;9.0
SAE;201802;2.1;119;740.1;-0.6;-26.0;-11.2;74;197.5;74.7;532;126.2;44;6.5;-;11.7
SAE;201803;3.1;152;737.1;1.3;-16.9;-6.7;95;227.8;82.8;579;77.9;22;6.8;-;4.8
SAE;201804;4.2;241;750.2;9.2;-10.1;0.9;12;72.5;66.2;533;225.4;57;6.1;-;8.3
SAE;201805;6.4;262;752.4;11.7;-4.0;3.4;14;97.0;82.5;354;197.6;44;3.8;-;38.5
SAE;201806;7.7;251;755.6;13.7;-2.3;5.4;0;153.1;85.1;125;171.3;38;2.9;-;12.0
SAE;201807;8.6;242;757.3;16.3;1.9;7.8;0;64.8;81.7;3;202.2;44;3.3;-;31.3
SAE;201808;8.9;195;758.6;17.0;-4.9;8.1;5;253.1;82.2;0;149.3;36;3.6;-;10.8
SAE;201809;6.9;191;758.9;13.7;-6.4;5.7;4;193.9;75.4;0;207.7;58;4.3;-;7.4
SAE;201810;4.7;132;753.5;10.2;-7.6;2.6;27;77.1;64.8;2;211.0;63;5.3;-;3.4
SAE;201811;3.6;86;749.5;8.1;-11.8;-1.4;26;25.2;66.5;2;164.3;59;5.8;-;2.9
SAE;201812;3.1;46;750.3;2.7;-14.9;-5.6;221;648.5;75.1;81;80.7;31;9.4;-;2.0
SAE;201901;2.1;65;742.6;-0.7;-19.0;-11.3;360;561.0;80.5;328;94.3;34;7.6;-;11.3
SAE;201902;2.3;131;753.5;5.6;-14.8;-3.2;103;112.4;51.7;492;189.5;66;7.0;-;5.1
SAE;201903;2.8;158;749.9;5.6;-13.9;-5.0;125;486.4;71.5;530;156.4;43;9.5;-;6.5
SAE;201904;3.8;210;746.9;5.1;-10.5;-2.8;80;119.1;77.7;550;150.1;38;5.0;-;7.5
SAE;201905;4.6;205;748.6;4.1;-12.2;-2.4;255;465.6;88.7;642;104.5;23;5.6;-;6.8
SAE;201906;7.3;307;757.4;21.0;-4.0;8.4;2;113.0;68.8;450;267.8;59;4.7;-;7.2
SAE;201907;8.9;229;756.8;18.6;0.7;7.8;0;226.9;83.6;90;180.0;39;4.5;-;8.9
SAE;201908;8.1;215;758.2;16.6;-0.7;8.1;0;284.6;76.0;0;213.1;51;4.7;-;6.7
SAE;201909;6.1;168;756.6;14.9;-3.1;4.7;31;213.6;73.8;3;179.6;50;5.4;-;6.9
SAE;201910;5.5;100;752.7;11.3;-7.5;2.8;52;333.0;76.1;3;132.1;40;7.9;-;16.7
SAE;201911;3.8;62;740.3;5.0;-10.8;-4.0;94;180.4;82.4;22;74.7;27;6.8;-;18.0
SAE;201912;3.0;48;746.9;4.2;-13.6;-3.9;181;453.9;67.7;111;98.0;38;9.2;-;6.9
SAE;202001;2.6;74;754.1;4.4;-15.1;-3.7;80;215.8;60.1;204;161.9;59;7.4;-;6.1
SAE;202002;3.2;74;749.0;6.9;-14.3;-5.2;199;657.5;75.1;314;87.0;29;12.4;-;7.2
SAE;202003;3.2;161;747.2;2.0;-13.5;-5.5;168;226.3;77.4;421;171.6;47;6.9;-;4.6
SAE;202004;4.3;246;751.7;6.8;-8.6;0.3;23;65.7;67.2;353;242.0;62;4.0;-;6.4
SAE;202005;5.6;240;754.1;9.7;-7.6;1.2;42;160.9;83.6;273;177.8;40;4.1;-;6.8
SAE;202006;7.0;203;752.6;13.4;-2.4;3.7;24;324.3;88.5;135;119.8;26;4.5;-;7.4
SAE;202007;8.6;236;757.6;17.0;-2.3;6.7;0;214.3;86.5;0;186.9;41;5.2;-;23.1
SAE;202008;8.3;196;756.3;17.6;-1.6;7.6;15;290.1;80.3;1;177.6;42;4.5;-;10.2
SAE;202009;7.3;176;755.6;15.6;-7.9;5.3;44;190.1;82.4;6;176.9;49;4.1;-;20.7
SAE;202010;4.5;101;749.1;11.6;-9.4;-0.9;99;266.3;81.3;22;102.1;31;7.5;-;10.2
SAE;202011;3.7;89;756.4;8.2;-11.8;0.4;30;53.1;59.2;16;196.6;71;5.4;-;2.2
SAE;202012;3.0;50;741.2;4.2;-16.3;-6.0;144;173.0;75.3;80;89.1;34;6.8;-;2.0
SAE;202101;2.4;57;740.2;-0.4;-16.3;-9.6;297;663.8;76.8;243;85.1;31;8.5;-;6.8
SAE;202102;2.7;113;749.1;7.3;-17.0;-3.8;55;161.3;58.9;388;142.3;50;7.7;-;2.0
SAE;202103;2.3;166;750.6;7.2;-17.3;-6.3;187;295.2;66.7;430;162.3;45;5.6;-;3.3
SAE;202104;3.3;235;748.4;4.3;-17.6;-5.7;87;62.4;80.1;440;174.6;44;4.4;-;4.2
SAE;202105;4.5;229;748.6;8.8;-9.4;-2.3;161;382.6;87.6;457;111.2;25;7.5;-;12.5
SAE;202106;7.9;277;757.4;16.6;-1.3;6.8;3;219.0;81.2;345;197.2;43;3.5;-;4.2
SAE;202107;8.5;198;755.7;14.7;-0.8;6.3;0;526.2;89.6;55;119.1;26;5.2;-;26.6
SAE;202108;7.9;177;755.9;16.9;-1.9;4.9;7;348.1;90.8;0;101.3;24;5.5;-;37.1
SAE;202109;6.6;185;757.6;13.0;-4.1;5.6;10;143.9;73.6;0;189.2;52;4.0;-;3.2
SAE;202110;3.9;130;754.3;10.0;-8.4;0.9;38;100.8;60.7;7;168.7;51;6.5;-;3.9
SAE;202111;3.3;72;747.7;7.4;-15.4;-3.1;172;198.0;70.1;26;122.6;44;5.9;-;3.7
SAE;202112;3.0;51;746.8;5.9;-15.6;-4.7;261;407.5;71.1;248;101.6;39;8.8;-;1.5
SAE;202201;2.4;67;752.8;6.1;-16.3;-6.1;147;213.1;63.7;280;131.8;48;8.5;-;2.2
SAE;202202;2.6;100;749.6;3.7;-14.4;-6.7;229;410.2;71.5;385;112.0;39;9.0;-;0.5
SAE;202203;2.4;194;752.3;3.7;-13.0;-3.8;20;20.6;48.4;423;253.5;70;4.6;-;0.5
SAE;202204;3.8;226;746.6;6.9;-15.1;-3.1;113;229.5;77.6;421;165.1;42;6.0;-;2.2
SAE;202205;6.8;222;755.4;15.0;-4.8;3.0;15;136.1;88.6;343;144.3;32;5.0;-;34.3
SAE;202206;8.2;265;757.2;18.2;-1.9;7.7;6;254.9;79.1;95;212.3;47;5.4;-;12.3
SAE;202207;8.4;252;760.6;17.9;0.0;8.6;0;164.3;76.1;0;209.6;46;4.0;-;8.1
SAE;202208;8.2;237;757.6;17.0;2.8;8.4;0;261.1;75.3;0;234.2;56;3.4;-;6.4
SAE;202209;6.3;139;751.8;14.0;-5.6;2.2;75;362.7;87.8;10;106.2;29;6.9;-;12.6
SAE;202210;6.0;106;758.6;13.1;-2.4;5.0;0;193.6;71.8;5;145.0;44;6.4;-;2.8
SAE;202211;3.5;67;749.1;8.7;-9.8;-2.3;114;208.9;72.5;30;91.2;33;6.5;-;9.5
SAE;202212;3.4;48;745.9;5.4;-17.1;-4.9;84;184.8;75.4;119;80.4;31;8.9;-;6.5
SAE;202301;2.7;62;746.7;4.5;-18.0;-7.2;114;202.6;73.1;180;93.8;34;9.8;-;1.4
SAE;202302;2.3;118;754.2;4.6;-17.7;-5.1;117;131.9;57.8;235;161.9;56;7.4;-;0.8
SAE;202303;3.3;143;745.2;6.8;-14.4;-4.6;169;461.3;75.7;288;142.8;39;9.3;-;2.7
SAE;202304;3.8;203;747.2;3.8;-14.6;-4.7;216;376.5;85.4;377;119.5;30;6.3;-;5.7
SAE;202305;6.0;235;753.0;7.3;-7.0;1.3;100;239.5;89.5;337;133.4;30;4.1;-;5.1
SAE;202306;7.7;265;756.2;16.4;2.0;6.4;0;128.5;80.4;156;219.5;48;3.4;-;6.4
SAE;202307;8.9;217;756.7;18.2;-2.3;7.5;7;349.5;86.2;2;143.7;31;7.3;-;25.9
SAE;202308;8.6;186;756.9;20.7;-2.5;7.8;27;382.3;81.8;2;163.7;39;5.8;-;31.2
SAE;202309;7.5;184;758.6;17.6;-4.3;8.4;15;141.7;69.7;1;208.6;58;4.9;-;2.7
SAE;202310;5.2;114;752.0;15.5;-6.5;3.8;42;226.6;67.5;2;159.6;48;7.4;-;2.5
SAE;202311;3.7;51;742.8;3.1;-15.0;-5.2;306;773.2;87.9;111;43.2;16;10.3;-;2.1
SAE;202312;3.2;44;748.2;5.9;-16.7;-4.5;265;533.7;75.5;308;76.3;29;10.9;-;6.3
SAE;202401;2.8;57;748.8;5.2;-17.4;-5.3;139;339.2;68.3;414;132.4;48;9.8;-;3.5