stn;time;tso010m0;pva200m0;ets150m0;nto000m0;gre000m0;prestam0;tre200mx;tre200mn;tre200m0;hns000m0;rre150m0;ure200m0;hto000m0;su2000m0;sremaxmv;fkl010m0;tre005mn;ure200mn
SMA;200001;2.9;5.3;2.45;76;40;958.1;11.0;-11.9;0.1;17;30.5;84.0;4;66.7;27;2.3;-16.1;-
SMA;200002;4.5;6.4;7.09;71;64;956.7;15.9;-3.4;4.2;9;136.4;77.0;0;79.0;29;2.9;-5.8;-
SMA;200003;7.3;6.5;30.01;68;113;953.8;17.4;-2.7;6.2;1;85.7;69.5;0;133.6;39;2.8;-5.7;-
SMA;200004;10.8;8.1;60.40;68;167;942.9;25.7;-1.3;10.4;0;49.7;66.1;0;163.0;43;2.1;-4.9;-
SMA;200005;16.8;11.8;78.55;61;208;950.6;27.0;5.5;15.2;0;136.9;69.7;0;196.1;46;2.0;1.8;-
SMA;200006;19.9;13.2;121.46;48;254;954.5;31.0;8.1;18.0;0;75.7;65.5;0;251.1;58;1.9;4.5;-
SMA;200007;19.1;13.7;69.69;66;191;949.3;29.0;7.7;15.9;0;195.5;76.6;0;160.7;37;2.2;4.1;-
SMA;200008;20.4;16.1;86.81;49;198;953.1;31.8;11.5;19.0;0;142.9;75.0;0;237.9;59;1.5;9.2;-
SMA;200009;17.5;13.5;44.89;54;155;950.3;25.3;8.0;15.1;0;127.5;79.6;0;196.4;56;2.0;2.8;-
SMA;200010;13.6;10.8;10.68;81;63;950.3;17.5;3.3;10.4;0;72.0;85.3;0;56.6;18;1.6;0.6;-
SMA;200011;8.6;7.5;10.95;75;49;944.2;15.0;-0.4;6.0;0;67.1;80.7;0;73.4;29;1.9;-4.0;-
SMA;200012;6.1;6.6;4.35;80;33;947.3;13.2;-4.6;3.9;11;36.8;81.8;0;44.5;19;2.1;-7.5;-
SMA;200101;3.4;5.8;2.76;76;41;947.7;9.4;-5.6;1.7;4;99.3;82.1;0;63.0;25;1.9;-7.5;-
SMA;200102;4.3;5.6;7.75;72;72;951.7;15.1;-5.7;3.6;3;53.1;70.5;0;85.9;33;2.7;-7.9;-
SMA;200103;7.3;8.1;11.77;88;78;941.9;18.4;-0.8;6.9;11;237.4;80.9;0;55.5;16;3.2;-6.0;-
SMA;200104;9.2;7.4;35.45;81;134;948.0;20.0;-1.8;7.0;15;129.8;75.0;1;100.4;26;2.4;-3.5;-
SMA;200105;15.5;12.1;89.95;62;220;950.1;28.4;5.9;15.5;0;116.2;70.0;0;222.8;52;2.1;1.0;-
SMA;200106;18.0;12.1;98.10;59;227;952.3;29.1;4.9;15.2;0;182.3;71.4;0;214.6;49;2.1;0.8;-
SMA;200107;20.5;14.9;109.07;54;236;950.8;29.5;10.4;18.7;0;140.9;70.6;0;250.8;58;2.0;8.0;-
SMA;200108;21.3;16.4;83.56;51;204;952.5;31.0;10.0;19.2;0;111.6;75.1;0;238.2;59;1.8;5.7;-
SMA;200109;15.6;11.3;23.55;79;103;949.8;22.7;5.2;11.7;0;189.3;82.8;0;86.7;25;2.3;2.0;-
SMA;200110;14.7;12.7;22.27;55;101;954.0;23.6;6.4;13.3;0;81.0;83.9;0;156.8;51;1.5;3.3;-
SMA;200111;7.4;6.5;7.82;81;42;955.1;11.3;-2.3;2.9;4;98.7;84.0;0;52.1;21;2.5;-5.3;-
SMA;200112;4.6;5.2;5.04;79;35;955.2;10.1;-14.4;-0.1;30;43.3;79.5;3;55.6;24;3.6;-16.5;-
SMA;200201;2.4;5.3;3.62;74;46;959.1;13.8;-8.8;0.8;0;25.3;80.6;0;78.6;32;2.3;-10.6;-
SMA;200202;5.6;6.6;6.04;76;64;950.6;14.6;-3.8;5.7;6;85.2;72.9;0;69.2;26;4.3;-7.1;-
SMA;200203;8.1;6.7;38.80;58;138;951.6;18.8;-2.6;7.2;1;57.6;67.1;0;172.1;50;2.7;-5.8;-
SMA;200204;10.8;7.3;73.03;64;186;948.1;19.9;-0.6;9.1;0;70.0;63.9;0;197.0;52;2.7;-3.0;-
SMA;200205;14.7;10.7;69.54;68;187;948.9;28.2;3.5;13.0;0;180.4;73.1;0;169.3;40;1.9;-0.9;-
SMA;200206;19.2;14.7;117.20;53;250;951.3;34.1;8.9;19.3;0;84.8;67.0;0;251.3;58;1.9;2.9;-
SMA;200207;20.4;14.8;92.01;59;212;950.5;29.6;9.7;18.2;0;109.7;72.2;0;204.7;47;1.9;6.8;-
SMA;200208;19.3;15.6;59.70;65;174;950.2;28.8;11.2;17.7;0;149.8;78.3;0;173.6;43;1.7;7.5;-
SMA;200209;16.5;12.3;36.73;70;128;952.1;24.0;2.0;13.0;0;123.4;81.5;0;142.5;41;1.8;0.1;-
SMA;200210;12.4;9.8;23.13;76;87;949.2;21.5;1.7;10.1;0;127.9;79.4;0;118.8;38;2.6;-1.0;-
SMA;200211;8.8;8.6;5.10;84;32;945.0;16.3;2.2;6.7;0;181.6;86.7;0;30.1;12;2.0;-0.5;-
SMA;200212;6.2;7.1;2.49;93;21;949.5;12.6;-3.8;3.9;4;80.1;85.6;0;15.1;6;2.3;-5.3;-
SMA;200301;3.7;5.3;2.44;83;33;949.6;13.4;-9.9;0.2;30;66.4;81.6;1;43.0;17;2.9;-11.9;-
SMA;200302;1.9;4.1;8.39;71;74;952.8;12.4;-10.1;-1.8;31;34.3;77.6;10;89.6;34;2.0;-18.2;-
SMA;200303;7.0;6.1;55.90;47;150;956.0;20.0;-2.0;7.6;0;31.3;59.9;0;221.4;64;2.1;-3.7;-
SMA;200304;10.9;7.2;83.42;58;190;949.4;23.5;-4.8;9.4;0;54.3;61.3;0;208.9;55;2.6;-8.5;-
SMA;200305;15.7;11.9;68.96;70;186;952.6;27.4;4.1;14.8;0;115.5;71.6;0;168.3;39;2.1;-1.1;-
SMA;200306;21.4;16.3;140.67;47;275;951.2;34.7;14.3;22.5;0;57.8;62.3;0;294.3;68;1.9;9.6;-
SMA;200307;22.0;14.9;127.92;52;230;951.7;33.0;9.9;19.8;0;110.9;66.8;0;254.4;59;1.9;9.6;-
SMA;200308;22.6;15.6;148.63;38;224;952.2;36.0;9.7;22.7;0;81.8;60.3;0;297.4;74;1.7;8.0;-
SMA;200309;17.6;11.9;62.29;48;164;954.5;26.5;5.1;14.5;0;45.6;73.5;0;215.4;62;1.9;1.5;-
SMA;200310;11.7;8.5;14.95;71;72;947.1;21.2;-4.3;6.4;5;143.9;85.4;0;92.7;30;2.5;-9.0;-
SMA;200311;8.0;7.9;8.01;70;51;950.7;12.9;-0.9;5.4;0;77.9;88.2;0;89.4;36;1.6;-3.5;-
SMA;200312;4.6;5.7;5.15;68;36;951.9;12.4;-8.9;1.2;9;39.5;83.9;0;70.2;30;2.3;-12.0;-
SMA;200401;3.7;5.6;2.02;87;34;945.5;12.3;-6.9;0.9;50;156.3;84.6;4;31.5;13;3.3;-10.1;-
SMA;200402;3.3;5.2;8.74;70;84;952.6;13.8;-8.0;2.1;23;41.4;73.4;2;124.2;46;2.4;-10.1;31.0
SMA;200403;5.5;5.9;34.92;62;130;953.4;20.5;-6.3;4.4;5;66.7;71.2;1;155.1;45;2.3;-9.5;21.5
SMA;200404;10.5;7.6;68.23;67;177;946.7;22.8;0.6;9.6;0;45.8;65.3;0;179.4;47;2.5;-2.5;22.3
SMA;200405;13.8;9.3;93.02;59;216;948.9;26.7;2.3;11.9;0;172.1;68.9;0;208.3;49;2.2;-1.9;19.0
SMA;200406;17.1;13.0;87.72;68;218;953.0;29.7;8.2;16.4;0;139.1;71.9;0;187.1;43;1.9;3.7;19.4
SMA;200407;20.3;14.7;94.37;60;222;952.3;29.2;9.4;17.8;0;118.3;72.6;0;224.1;52;1.8;7.3;31.1
SMA;200408;20.9;15.6;75.79;63;192;949.8;29.9;10.9;18.7;0;57.4;73.5;0;199.4;49;1.9;7.7;27.3
SMA;200409;17.9;13.0;54.87;60;145;955.1;27.1;6.8;15.2;0;72.5;76.3;0;170.6;49;2.0;3.3;32.3
SMA;200410;14.4;11.6;15.62;80;77;947.8;24.3;4.9;11.4;0;126.5;86.0;0;89.8;29;1.6;3.4;35.2
SMA;200411;8.8;7.1;6.81;80;44;954.2;13.7;-3.5;4.3;2;20.5;82.8;0;46.7;19;2.0;-5.7;48.7
SMA;200412;5.1;5.6;2.81;89;30;952.9;9.4;-4.5;0.7;25;54.4;86.8;2;32.6;14;2.0;-7.3;46.5
SMA;200501;3.4;5.1;4.29;66;54;956.7;11.5;-11.8;0.5;23;34.8;78.6;2;97.5;39;2.3;-16.4;36.8
SMA;200502;2.2;4.6;4.89;76;69;950.3;11.0;-11.4;-1.1;55;49.2;79.7;8;63.8;24;2.1;-14.0;36.0
SMA;200503;5.8;6.9;33.87;61;139;950.3;20.6;-14.1;5.6;20;48.1;71.0;5;177.0;51;2.0;-16.3;28.1
SMA;200504;10.9;8.2;55.13;70;156;948.4;25.2;-0.6;9.3;0;139.5;70.9;0;151.1;40;1.9;-2.4;20.1
SMA;200505;14.5;10.8;87.57;65;208;951.6;29.7;3.3;13.7;0;119.3;70.4;0;209.8;49;2.0;-0.1;27.0
SMA;200506;18.2;13.7;123.82;52;263;953.1;32.6;4.2;18.3;0;111.6;65.6;0;265.2;61;1.7;0.0;26.0
SMA;200507;20.9;15.1;84.58;64;207;951.3;32.7;10.3;18.3;0;116.9;73.6;0;194.4;45;1.7;8.1;20.3
SMA;200508;19.7;14.2;66.99;60;176;951.9;27.8;8.9;16.3;0;194.3;77.5;0;187.9;47;1.6;6.6;25.3
SMA;200509;18.5;14.0;43.35;60;144;952.8;26.8;6.3;15.6;0;53.0;79.0;0;164.6;47;1.6;4.1;38.8
SMA;200510;13.7;11.1;19.52;60;92;953.6;19.2;3.8;11.0;0;84.9;85.6;0;147.1;47;1.2;2.8;45.5
SMA;200511;8.5;7.1;9.39;73;51;951.4;18.5;-5.2;3.9;9;21.5;83.4;1;78.8;31;1.7;-8.6;48.0
SMA;200512;3.7;5.1;3.37;84;27;950.9;7.2;-9.5;-0.4;26;68.8;84.4;2;27.6;12;2.0;-13.1;59.2
SMA;200601;1.4;4.5;2.53;77;46;955.3;6.0;-8.6;-2.2;4;24.6;84.3;1;63.8;26;1.8;-9.9;54.4
SMA;200602;1.4;5.0;4.39;84;57;947.4;10.2;-6.9;0.0;29;56.4;80.5;2;54.2;20;2.4;-9.1;35.7
SMA;200603;4.0;6.0;21.16;74;110;945.1;20.7;-7.6;3.1;75;169.1;75.9;10;103.8;30;3.1;-10.6;34.2
SMA;200604;10.0;8.3;47.44;68;154;948.8;21.8;-1.5;8.8;16;189.4;74.5;1;145.6;38;1.8;-3.4;23.8
SMA;200605;14.8;10.9;62.92;76;178;951.2;24.3;3.4;13.3;0;151.4;72.2;0;153.0;36;2.3;0.6;26.2
SMA;200606;18.2;13.5;116.44;48;257;954.1;30.1;3.7;17.7;0;41.6;67.2;0;255.0;59;1.6;0.8;25.7
SMA;200607;23.1;16.3;158.79;41;267;953.6;33.1;14.0;22.5;0;46.9;62.6;0;312.6;72;1.7;10.5;20.0
SMA;200608;18.8;13.4;40.75;77;138;948.7;25.3;8.3;14.7;0;185.2;80.8;0;109.4;27;1.9;6.0;33.9
SMA;200609;18.6;15.4;44.17;61;146;950.7;26.5;8.4;16.9;0;110.4;81.1;0;182.8;52;1.4;5.7;41.3
SMA;200610;15.0;12.2;19.09;65;91;950.4;20.9;5.7;12.7;0;62.8;83.6;0;132.0;43;1.5;2.9;38.7
SMA;200611;9.4;8.2;13.20;65;56;953.8;16.3;-0.9;7.0;0;42.1;80.5;0;101.6;41;1.7;-3.0;26.7
SMA;200612;5.5;6.3;5.15;71;37;958.4;13.1;-4.2;2.5;0;54.6;84.6;0;81.0;35;1.5;-6.6;39.8
SMA;200701;5.4;6.8;2.96;78;38;955.0;13.8;-8.4;4.5;12;56.0;79.0;1;58.8;24;3.3;-12.8;44.2
SMA;200702;5.0;6.7;7.54;63;71;946.9;13.8;-1.5;4.8;0;69.5;78.4;0;108.4;41;2.4;-3.6;34.8
SMA;200703;7.0;6.7;29.98;59;130;949.1;16.6;-1.6;5.7;43;106.9;74.4;3;164.1;48;2.0;-3.5;27.3
SMA;200704;12.7;8.7;119.24;32;233;952.0;25.4;1.9;13.9;0;6.4;56.9;0;308.2;81;1.5;-1.2;17.2
SMA;200705;16.4;11.4;84.08;65;214;947.0;28.1;4.8;14.6;0;120.9;70.2;0;209.2;49;2.4;1.1;25.5
SMA;200706;19.0;14.4;70.94;67;213;948.6;29.0;8.1;17.2;0;121.2;74.9;0;175.4;40;1.8;7.9;27.4
SMA;200707;-;14.2;94.05;60;223;951.3;33.2;8.6;17.6;0;171.4;72.5;0;206.8;47;2.0;6.9;20.2
SMA;200708;-;15.0;61.41;61;180;951.4;29.9;9.0;17.0;0;260.3;78.8;0;174.7;43;1.5;7.0;34.5
SMA;200709;-;11.6;41.31;63;155;955.1;24.1;5.4;13.0;0;75.1;77.8;0;159.1;45;1.6;3.3;36.9
SMA;200710;-;9.8;19.89;66;95;956.8;23.5;-0.8;9.3;0;21.0;80.8;0;112.7;36;1.6;-3.1;43.6
SMA;200711;-;6.2;9.02;71;47;954.1;10.9;-5.6;2.9;2;41.6;80.7;0;63.9;26;2.4;-7.6;48.9
SMA;200712;-;5.5;3.63;87;29;957.6;11.4;-6.4;0.6;2;102.6;84.0;0;28.3;12;2.5;-8.0;49.9
SMA;200801;-;5.8;4.35;69;50;955.2;12.7;-4.6;3.1;0;61.9;76.3;0;92.5;37;1.9;-6.7;35.3
SMA;200802;-;5.8;12.66;42;101;960.2;17.3;-7.0;3.9;3;37.2;71.2;0;170.7;63;2.0;-8.9;30.6
SMA;200803;-;6.0;25.71;75;117;944.4;17.9;-5.7;4.7;28;92.6;69.3;1;103.3;30;3.5;-7.9;22.1
SMA;200804;-;7.8;36.85;79;142;946.3;20.0;-2.2;7.9;5;183.6;73.7;0;96.9;25;2.2;-3.7;29.2
SMA;200805;-;10.9;102.17;60;237;949.1;28.0;5.7;15.4;0;67.4;63.8;0;222.6;52;2.0;3.7;21.0
SMA;200806;-;14.3;82.37;66;223;952.1;30.8;7.0;17.3;0;90.5;73.6;0;182.9;42;1.6;4.9;26.7
SMA;200807;-;14.4;107.99;56;241;952.4;30.0;10.5;18.4;0;136.6;69.3;0;229.8;52;1.7;7.8;29.8
SMA;200808;-;15.0;69.86;61;196;951.8;27.8;9.6;17.7;0;174.1;75.3;0;200.7;49;1.6;7.5;31.4
SMA;200809;-;11.8;32.99;70;135;952.9;26.9;4.0;12.3;0;117.1;80.9;0;130.4;37;1.8;1.4;40.8
SMA;200810;-;10.3;19.00;70;86;953.5;20.8;-0.1;10.0;20;147.9;82.7;1;104.0;34;1.7;-1.0;47.9
SMA;200811;-;7.2;7.69;72;48;950.0;14.8;-6.3;4.3;10;31.5;84.7;1;62.4;25;1.9;-7.5;48.5
SMA;200812;-;5.5;3.60;83;27;952.0;7.7;-7.0;0.5;39;72.3;85.0;3;34.5;15;2.1;-8.1;44.8
SMA;200901;-;4.6;1.91;84;37;948.7;7.8;-8.9;-1.9;3;42.4;84.7;4;46.2;19;1.5;-10.7;50.9
SMA;200902;-;5.0;5.77;75;71;948.6;10.8;-10.7;0.4;45;60.2;79.2;6;77.6;30;2.0;-13.3;43.9
SMA;200903;-;6.0;21.93;79;103;950.0;14.0;-4.2;4.2;21;118.9;73.8;1;86.9;25;2.6;-6.5;22.2
SMA;200904;-;8.2;77.59;59;199;948.2;22.7;2.9;12.0;0;20.3;61.5;0;196.0;51;1.7;0.4;20.9
SMA;200905;-;11.7;90.66;61;234;954.3;31.8;4.0;15.4;0;87.7;68.0;0;218.5;51;1.7;1.2;21.2
SMA;200906;-;13.2;90.45;65;245;951.8;29.0;8.4;16.5;0;186.3;71.1;0;210.0;49;1.9;5.9;28.7
SMA;200907;-;15.2;85.91;61;230;952.7;29.0;10.5;18.6;0;154.0;71.8;0;206.5;47;1.9;9.1;28.4
SMA;200908;-;16.1;98.96;47;227;954.1;31.7;8.9;19.9;0;69.0;71.0;0;259.9;64;1.5;5.7;31.7
SMA;200909;-;13.6;45.90;53;150;955.1;30.7;7.4;15.4;0;68.7;78.1;0;164.8;47;1.6;5.5;27.6
SMA;200910;-;9.8;23.72;72;91;953.1;24.8;-1.7;9.6;0;56.0;79.4;0;109.2;35;1.5;-2.9;40.9
SMA;200911;-;8.3;9.12;71;48;947.5;16.6;-0.1;7.2;7;123.9;81.0;0;62.2;25;2.1;-1.8;34.7
SMA;200912;-;5.7;4.52;85;30;943.5;9.0;-13.6;1.1;11;110.9;81.0;1;38.8;17;1.9;-15.9;35.4
SMA;201001;-;4.6;2.18;85;37;947.5;7.0;-8.2;-1.9;51;39.2;84.4;4;38.6;16;1.8;-9.9;47.6
SMA;201002;-;4.9;6.58;79;71;940.4;12.3;-9.3;0.9;16;35.1;74.4;4;60.3;23;2.2;-11.8;23.6
SMA;201003;-;5.9;31.37;71;126;951.4;21.3;-8.1;4.6;20;53.7;67.0;2;126.7;37;2.4;-9.6;19.8
SMA;201004;-;7.5;79.01;58;204;952.7;25.2;-0.4;10.1;0;33.7;61.7;0;200.8;53;2.0;-2.6;22.2
SMA;201005;-;10.3;46.08;81;157;948.9;27.2;4.9;11.5;0;140.1;77.4;0;102.4;24;1.9;2.8;23.0
SMA;201006;-;13.3;93.27;62;220;950.4;29.8;7.1;16.9;0;126.1;71.3;0;191.4;44;1.8;4.2;27.1
SMA;201007;-;16.2;112.01;55;248;953.7;32.7;10.2;20.0;0;131.7;71.0;0;252.7;58;1.5;8.1;26.5
SMA;201008;-;14.9;55.99;70;170;952.0;29.0;8.2;17.2;0;121.3;76.4;0;148.3;36;1.8;6.5;37.0
SMA;201009;-;11.6;46.91;64;159;951.7;22.8;5.9;13.2;0;89.2;77.6;0;172.0;49;1.5;3.9;38.1
SMA;201010;-;9.4;18.66;72;84;949.6;22.6;-0.3;8.7;0;45.5;81.5;0;100.0;32;1.7;-2.3;43.0
SMA;201011;-;7.5;9.46;81;47;942.9;17.8;-7.0;5.3;18;80.9;81.7;1;57.1;23;2.2;-10.3;47.7
SMA;201012;-;5.1;3.12;85;30;946.3;10.7;-11.3;-0.8;58;105.0;85.0;7;26.5;11;1.8;-14.9;46.1
SMA;201101;-;5.7;2.61;77;40;953.4;12.8;-8.1;1.2;7;47.2;81.6;1;52.6;21;1.8;-10.4;52.8
SMA;201102;-;5.7;6.92;67;75;952.6;12.8;-6.6;2.7;1;22.4;77.8;0;103.8;39;1.4;-8.7;29.5
SMA;201103;-;6.5;40.05;62;139;954.6;19.2;-2.8;6.6;0;21.1;66.9;0;178.3;52;2.0;-4.9;26.0
SMA;201104;-;8.2;107.20;40;233;952.8;24.5;1.2;12.7;0;24.1;58.0;0;280.4;74;1.6;-3.2;19.5
SMA;201105;-;10.5;125.17;51;263;953.9;27.6;1.9;15.3;0;89.5;62.7;0;280.0;65;1.7;-1.4;20.2
SMA;201106;-;13.4;74.64;72;211;952.8;32.2;7.4;16.8;0;78.5;71.4;0;157.9;37;1.7;6.8;30.4
SMA;201107;-;13.4;89.72;65;225;949.8;30.8;8.6;16.5;0;198.8;72.8;0;193.3;44;1.7;6.6;20.4
SMA;201108;-;16.1;91.37;47;231;952.0;32.7;9.5;19.2;0;113.8;73.3;0;258.7;63;1.6;8.1;25.3
SMA;201109;-;14.7;46.21;54;168;954.2;28.0;7.6;16.4;0;74.2;79.8;0;203.8;58;1.6;5.9;31.1
SMA;201110;-;10.3;17.36;63;98;956.2;21.9;-0.7;9.5;0;74.5;86.0;0;125.6;41;1.7;-2.3;42.4
SMA;201111;-;8.0;6.16;69;52;955.6;15.9;-1.5;5.1;0;0.1;90.0;0;78.6;32;1.2;-2.5;44.1
SMA;201112;-;6.8;3.62;85;27;952.6;13.5;-3.6;3.6;21;169.3;84.8;1;32.2;14;3.4;-7.8;41.6
SMA;201201;-;6.1;2.49;76;35;956.7;10.1;-6.3;2.0;10;86.8;84.7;0;55.9;23;3.1;-8.2;47.5
SMA;201202;-;4.0;8.43;63;88;958.7;14.6;-16.9;-3.5;23;10.1;76.1;5;111.0;41;1.9;-19.0;40.2
SMA;201203;-;6.8;52.73;38;168;959.9;20.2;-1.7;8.2;0;21.5;64.4;0;238.1;69;1.6;-4.2;16.4
SMA;201204;-;7.9;48.19;77;153;941.7;28.4;-0.5;9.0;0;59.1;71.3;0;116.5;31;2.2;-3.7;17.1
SMA;201205;-;11.0;92.06;59;239;951.2;28.9;1.4;14.2;0;110.7;68.8;0;225.0;52;1.8;-0.3;25.7
SMA;201206;-;14.8;78.74;68;230;951.0;31.5;8.1;17.5;0;196.6;74.9;0;196.9;46;1.8;5.6;29.6
SMA;201207;-;15.0;84.72;64;215;952.7;31.8;9.6;17.9;0;172.9;74.6;0;198.9;45;1.6;7.0;26.8
SMA;201208;-;16.4;92.38;52;222;953.7;32.4;9.5;19.5;0;150.6;73.4;0;254.9;63;1.5;8.6;30.3
SMA;201209;-;13.3;34.92;65;138;952.4;26.6;5.6;14.2;0;103.6;82.8;0;154.6;44;1.5;4.0;32.5
SMA;201210;-;10.8;16.61;72;82;948.9;21.9;-2.5;9.7;26;126.0;87.6;1;114.0;37;1.4;-4.8;46.9
SMA;201211;-;8.1;7.22;85;49;949.1;16.5;-2.7;5.8;14;100.1;88.3;1;63.6;26;1.4;-4.5;42.1
SMA;201212;-;6.0;4.09;81;34;949.6;13.6;-10.0;2.0;60;153.7;84.2;7;49.6;21;2.8;-11.1;43.3
SMA;201301;-;5.6;1.93;84;38;949.4;13.0;-8.3;0.6;16;60.4;85.8;2;42.7;17;1.9;-10.9;32.8
SMA;201302;-;4.7;3.43;86;60;948.2;9.0;-9.5;-1.3;60;63.3;83.1;9;41.0;16;2.5;-11.1;45.1
SMA;201303;-;5.7;16.57;79;101;941.8;13.9;-6.9;2.5;12;59.7;77.3;1;82.5;24;1.9;-10.8;37.1
SMA;201304;-;8.3;43.21;75;141;949.6;24.5;-1.3;8.8;5;106.1;74.3;0;111.9;29;2.0;-3.3;22.1
SMA;201305;-;10.1;40.95;81;165;947.4;22.4;2.3;10.9;0;180.8;78.2;0;108.2;25;2.1;0.6;30.5
SMA;201306;-;12.9;84.24;63;222;953.5;33.8;4.4;16.1;0;95.5;72.1;0;188.9;44;1.7;2.9;28.3
SMA;201307;-;15.8;139.92;43;269;954.9;35.1;10.2;20.7;0;81.6;66.7;0;303.5;69;1.6;8.4;25.8
SMA;201308;-;15.0;102.24;52;222;954.1;32.9;10.1;18.7;0;69.4;71.1;0;256.4;63;1.5;7.9;27.0
SMA;201309;-;13.2;43.88;65;141;952.5;28.5;6.6;14.7;0;106.2;79.2;0;154.9;44;2.0;5.6;20.3
SMA;201310;-;11.5;14.44;76;79;952.9;22.1;3.2;11.3;0;113.3;85.0;0;93.3;30;1.7;1.0;29.5
SMA;201311;-;7.1;6.75;82;37;950.9;18.1;-5.7;4.0;25;124.0;85.6;1;42.8;17;2.1;-7.2;47.8
SMA;201312;-;5.8;6.64;59;47;957.4;13.2;-4.3;1.7;0;33.5;84.8;0;114.4;49;1.4;-5.1;34.9
SMA;201401;-;6.5;2.88;78;40;945.8;13.7;-3.6;3.1;1;46.7;84.5;0;60.8;25;1.7;-5.2;39.1
SMA;201402;-;6.3;7.07;71;77;945.5;12.7;-2.1;4.1;0;65.0;78.6;0;95.8;36;1.9;-3.8;30.1
SMA;201403;-;6.7;45.44;47;145;951.6;20.6;-0.4;7.3;0;26.1;68.5;0;200.3;58;1.7;-2.9;16.0
SMA;201404;-;8.7;66.84;62;180;949.6;21.7;1.3;10.9;0;88.2;67.9;0;185.8;49;1.8;-3.4;20.9
SMA;201405;-;10.0;74.58;68;205;951.5;27.8;2.9;12.6;0;115.7;70.4;0;175.9;41;2.4;-0.3;22.8
SMA;201406;-;12.8;130.39;51;278;952.4;33.4;8.3;18.0;0;146.6;64.3;0;274.0;63;1.8;6.0;16.5
SMA;201407;-;15.7;69.19;69;191;950.8;31.5;9.6;17.6;0;191.1;79.6;0;167.5;38;1.7;8.0;24.2
SMA;201408;-;14.4;53.63;71;178;951.3;27.2;9.5;16.4;0;111.7;77.5;0;155.2;38;1.7;8.1;35.8
SMA;201409;-;14.2;33.51;62;152;953.6;26.6;4.9;15.2;0;69.4;82.2;0;157.2;45;1.5;3.1;44.9
SMA;201410;-;12.5;16.57;64;96;953.4;23.3;2.9;12.4;0;82.3;86.0;0;129.2;42;1.5;0.2;42.4
SMA;201411;-;8.8;6.78;73;53;947.3;16.3;0.4;6.6;0;79.4;90.5;0;73.0;29;1.4;0.0;40.2
SMA;201412;-;6.4;4.16;76;28;954.9;12.4;-11.8;3.1;46;54.2;83.8;4;39.4;17;2.3;-3.9;39.5
SMA;201501;-;5.8;2.55;83;38;953.0;15.4;-5.0;1.9;37;90.1;83.4;5;46.0;19;2.7;-8.2;20.9
SMA;201502;-;4.9;5.18;75;70;950.6;10.2;-7.4;-0.5;14;36.3;82.6;7;75.9;29;1.8;-7.4;33.4
SMA;201503;-;6.5;35.98;60;133;954.3;17.2;-2.4;6.4;0;82.1;68.8;0;174.0;50;2.7;-4.6;31.3
SMA;201504;-;7.3;92.76;46;206;955.1;22.8;-1.4;10.1;0;145.7;61.3;0;230.2;60;2.3;-4.8;16.9
SMA;201505;-;11.1;73.29;69;200;952.3;27.8;5.2;13.8;0;160.7;72.8;0;172.9;40;1.8;1.0;24.2
SMA;201506;-;14.0;104.81;56;256;954.6;30.3;7.9;17.9;0;140.8;70.4;0;236.4;55;2.0;3.7;23.2
SMA;201507;-;15.6;158.23;37;269;952.9;34.6;10.4;22.2;0;40.3;59.6;0;293.0;67;2.1;7.2;23.8
SMA;201508;-;16.0;105.36;47;214;952.5;34.6;10.6;20.4;0;60.7;69.6;0;248.5;61;1.5;9.4;19.2
SMA;201509;-;11.3;46.60;59;146;953.1;25.8;5.6;13.2;0;43.9;74.6;0;157.0;45;2.0;3.4;30.0
SMA;201510;-;9.7;17.74;74;82;952.8;20.1;1.0;9.2;0;43.6;83.2;0;89.4;29;1.5;-0.7;40.6
SMA;201511;-;8.4;14.70;63;60;956.6;19.9;-3.7;7.8;11;63.7;78.6;0;107.2;43;2.6;-5.8;41.1
SMA;201512;-;7.3;5.87;57;48;963.5;12.8;-2.3;4.4;0;10.1;86.7;0;115.4;49;1.1;-3.9;53.4
SMA;201601;-;6.4;2.25;79;40;950.2;11.6;-8.7;2.8;17;145.9;84.0;2;51.2;21;2.6;-11.2;46.4
SMA;201602;-;6.6;4.64;79;60;947.9;16.6;-3.0;3.9;12;92.1;80.7;0;60.2;22;3.2;-3.9;35.8
SMA;201603;-;6.1;26.76;67;115;948.4;21.6;-2.2;4.7;8;41.7;73.4;0;121.3;35;2.2;-4.2;24.6
SMA;201604;-;8.4;49.14;71;164;948.1;21.1;-0.7;8.9;1;125.7;74.4;0;155.8;41;2.2;-3.6;26.3
SMA;201605;-;10.3;76.02;68;199;949.2;26.3;3.9;12.8;0;171.6;71.5;0;178.0;41;2.1;0.5;24.5
SMA;201606;-;14.8;54.29;73;199;951.2;32.3;8.8;16.4;0;228.6;80.3;0;140.4;32;1.6;7.1;28.9
SMA;201607;-;15.9;104.64;54;239;954.7;31.5;8.5;19.4;0;198.1;72.0;0;233.2;53;1.5;6.7;31.3
SMA;201608;-;15.8;91.35;48;221;956.0;31.4;8.9;19.0;0;72.3;73.2;0;257.7;63;1.5;7.6;32.2
SMA;201609;-;14.4;57.34;46;169;954.9;27.6;7.4;16.8;0;53.0;76.6;0;213.9;61;1.5;5.6;33.8
SMA;201610;-;9.5;15.31;74;82;955.3;20.9;2.4;8.5;0;65.3;85.2;0;86.5;28;1.7;0.1;42.8
SMA;201611;-;7.4;7.47;80;45;950.8;17.7;-4.3;4.9;0;102.0;83.8;0;50.8;20;2.3;-6.3;31.2
SMA;201612;-;5.7;4.97;65;44;964.0;8.4;-4.2;0.7;0;0.5;88.8;0;92.8;40;1.2;-4.8;47.5
SMA;201701;-;4.4;1.78;88;35;956.5;7.5;-12.7;-3.0;23;89.4;86.2;5;36.8;15;2.0;-14.5;50.1
SMA;201702;-;6.3;6.84;71;79;952.5;18.8;-2.2;3.7;3;52.4;80.5;0;91.0;35;2.1;-3.7;16.9
SMA;201703;-;7.5;41.65;56;145;952.6;20.8;0.0;8.5;0;62.8;69.3;0;185.9;54;2.6;-2.0;21.8
SMA;201704;-;7.2;72.93;53;189;954.3;23.3;-2.4;8.8;1;117.3;65.7;0;194.9;51;1.9;-4.8;21.8
SMA;201705;-;10.9;102.59;55;238;952.6;30.2;2.1;14.8;0;75.4;67.0;0;233.4;54;2.0;0.4;23.0
SMA;201706;-;14.6;121.32;50;266;951.9;33.0;8.4;19.9;0;85.7;64.1;0;251.4;58;2.2;3.6;19.0
SMA;201707;-;15.5;93.01;66;222;952.8;32.4;11.6;19.2;0;171.7;71.5;0;204.5;47;2.0;9.1;20.5
SMA;201708;-;16.3;81.70;55;208;954.3;31.7;10.4;19.5;0;102.2;73.5;0;223.4;55;1.5;8.7;32.2
SMA;201709;-;11.7;37.75;70;138;952.5;24.5;5.1;13.1;0;106.8;78.5;0;146.5;42;1.8;3.2;40.3
SMA;201710;-;10.4;30.52;51;111;957.6;22.5;0.1;11.3;0;39.7;77.7;0;174.6;56;1.8;-1.5;26.9
SMA;201711;-;7.0;8.78;82;42;952.5;16.0;-1.4;4.8;2;88.5;81.1;0;50.8;20;2.3;-3.5;39.7
SMA;201712;-;5.8;3.76;89;28;952.2;12.3;-4.4;1.3;22;114.7;85.4;2;35.2;15;2.6;-8.1;49.1
SMA;201801;-;7.0;2.63;87;39;950.9;13.1;-2.9;4.8;0;131.9;81.2;0;50.8;21;3.6;-4.9;51.3
SMA;201802;-;4.6;4.26;86;51;948.7;6.9;-13.1;-1.5;5;43.8;79.8;0;41.0;16;2.2;-14.4;42.1
SMA;201803;-;6.2;19.27;80;105;939.8;13.8;-8.6;3.8;6;66.4;76.6;0;92.1;27;2.4;-10.0;32.6
SMA;201804;-;8.5;96.45;48;215;948.8;26.3;0.2;13.5;0;12.7;57.4;0;242.2;64;2.2;-1.9;16.1
SMA;201805;-;12.3;77.93;65;217;950.3;27.4;6.4;15.4;0;106.7;71.9;0;201.1;47;1.8;3.6;24.9
SMA;201806;-;14.2;110.59;57;262;952.5;29.8;9.1;18.5;0;64.5;68.2;0;251.5;58;1.9;6.3;31.2
SMA;201807;-;14.6;160.60;35;266;952.2;34.6;11.0;21.2;0;63.2;60.8;0;294.2;67;1.7;9.1;17.9
SMA;201808;-;15.6;117.50;50;220;953.8;33.5;8.1;20.8;0;113.3;65.3;0;256.3;63;1.7;6.8;28.5
SMA;201809;-;13.3;68.19;43;177;956.8;28.4;3.0;16.4;0;71.4;72.1;0;237.9;68;1.6;0.6;29.2
SMA;201810;-;10.4;32.12;50;104;952.8;22.6;0.5;11.2;0;48.7;78.2;0;170.5;55;1.7;0.1;28.3
SMA;201811;-;8.0;6.28;86;42;951.5;16.4;-1.9;5.4;0;17.0;87.8;0;48.5;19;1.5;-4.0;55.5
SMA;201812;-;6.9;3.27;86;31;956.4;13.0;-4.6;3.5;5;157.7;85.8;0;35.2;15;2.9;-6.0;58.0
SMA;201901;-;5.1;2.98;79;44;951.1;6.9;-5.7;0.1;25;61.7;81.2;2;63.8;26;2.5;-7.7;48.8
SMA;201902;-;5.6;15.03;45;104;958.2;18.0;-4.6;3.9;8;36.8;71.4;1;157.8;60;1.6;-7.2;21.9
SMA;201903;-;6.2;48.64;53;141;954.8;18.7;-1.2;7.2;0;68.1;62.8;0;178.4;52;3.8;-3.3;20.2
SMA;201904;-;7.6;61.23;66;169;948.4;24.1;0.0;9.3;1;55.9;68.0;0;157.0;41;2.0;-1.8;19.1
SMA;201905;-;9.3;64.46;70;197;950.3;22.7;-0.3;10.6;0;143.4;73.6;0;161.0;37;2.1;-1.9;29.7
SMA;201906;-;14.7;128.17;45;270;952.6;34.3;8.8;19.6;0;109.8;66.5;0;269.8;62;1.9;5.0;24.4
SMA;201907;-;15.2;139.84;52;263;951.8;34.7;10.1;20.7;0;96.5;64.2;0;274.3;63;1.8;8.4;15.6
SMA;201908;-;15.9;80.12;57;200;953.8;31.5;10.6;18.9;0;121.8;74.2;0;211.0;52;1.5;8.7;24.3
SMA;201909;-;12.9;54.68;53;161;955.2;27.2;5.7;15.0;0;90.4;76.3;0;198.2;57;1.9;3.4;33.0
SMA;201910;-;11.5;20.97;76;86;951.8;23.0;5.1;11.6;0;131.6;84.5;0;116.9;38;2.0;3.8;44.1
SMA;201911;-;7.7;6.59;85;43;941.6;15.9;-1.0;5.5;0;63.0;84.1;0;43.9;18;2.1;-2.5;38.5
SMA;201912;-;6.7;4.59;83;36;950.5;13.4;-3.4;3.8;1;62.2;82.7;0;45.7;20;2.8;-5.1;40.5
SMA;202001;-;6.0;4.13;68;56;959.8;13.9;-4.2;2.6;0;23.0;81.6;0;110.3;45;1.9;-6.0;34.1
SMA;202002;-;6.4;10.46;69;82;954.3;18.0;-2.8;6.2;0;119.0;67.4;0;110.5;40;4.3;-5.1;29.5
SMA;202003;-;6.2;44.38;54;144;951.7;19.0;-3.5;5.9;0;40.1;66.6;0;181.2;53;2.8;-6.3;24.2
SMA;202004;-;7.5;124.08;30;241;951.4;23.9;-2.6;12.9;0;26.5;52.1;0;294.7;77;2.1;-5.7;18.7
SMA;202005;-;10.1;111.44;52;246;954.0;26.2;1.5;13.6;0;87.1;66.8;0;251.0;58;2.2;1.1;27.5
SMA;202006;-;13.3;84.95;64;215;949.8;27.7;9.3;16.3;0;145.2;73.6;0;184.6;43;2.0;5.8;25.8
SMA;202007;-;14.5;145.73;45;264;953.5;33.6;9.6;20.0;0;56.8;64.2;0;284.9;65;1.8;7.1;22.2
SMA;202008;-;15.7;94.59;57;205;951.3;32.7;8.8;19.7;0;136.8;70.5;0;223.7;55;1.6;8.2;27.7
SMA;202009;-;14.0;53.87;55;165;952.9;28.5;5.4;16.1;0;35.6;76.8;0;201.7;58;1.9;3.6;37.0
SMA;202010;-;9.8;16.32;78;83;949.8;19.9;3.3;9.5;0;92.4;83.1;0;90.9;29;2.0;1.6;40.5
SMA;202011;-;8.0;9.59;73;53;959.3;21.4;-2.1;5.9;2;24.0;85.7;0;90.5;36;1.4;-4.0;44.3
SMA;202012;-;6.4;2.57;87;28;944.5;14.0;-3.9;2.1;12;73.0;88.8;1;32.1;14;1.7;-6.2;45.5
SMA;202101;-;5.4;2.22;91;37;946.7;9.7;-8.2;0.6;49;154.7;83.5;10;36.0;15;2.5;-8.7;45.3
SMA;202102;-;6.4;10.12;62;85;952.9;17.6;-11.7;4.0;10;41.0;75.3;1;112.6;43;1.9;-14.6;33.5
SMA;202103;-;5.8;43.52;60;141;956.4;22.8;-3.5;5.6;2;52.3;65.6;0;176.4;51;2.2;-6.9;17.3
SMA;202104;-;6.1;93.33;54;212;952.3;22.8;-2.7;8.1;3;35.2;58.1;0;222.9;58;2.3;-7.0;15.3
SMA;202105;-;8.7;77.75;70;201;950.0;26.3;2.9;10.9;0;141.2;69.5;0;173.0;40;2.8;-;23.3
SMA;202106;-;15.0;103.96;55;255;953.5;31.1;8.6;18.9;0;159.7;71.4;0;237.3;55;1.7;4.9;25.2
SMA;202107;-;16.0;65.59;69;195;951.9;28.6;10.7;17.8;0;255.1;80.0;0;171.0;39;1.6;9.6;29.1
SMA;202108;-;14.9;59.41;68;174;953.1;30.7;10.2;17.2;0;93.3;77.1;0;162.1;40;1.5;8.6;37.2
SMA;202109;-;14.1;56.53;49;169;955.1;25.8;7.4;16.1;0;26.4;77.6;0;218.9;63;1.6;5.7;39.1
SMA;202110;-;9.6;23.67;60;101;955.2;22.8;1.5;9.5;0;22.3;81.1;0;144.2;47;1.6;-0.8;39.4
SMA;202111;-;7.1;5.59;88;41;951.1;12.8;-1.2;3.8;7;33.8;87.5;0;42.6;17;1.7;-2.7;52.7
SMA;202112;-;6.6;3.30;90;29;951.3;12.8;-4.4;2.7;7;111.6;86.9;0;37.2;16;2.1;-6.2;50.0
SMA;202201;-;5.5;3.76;75;57;960.1;14.6;-5.0;1.7;8;39.5;79.8;0;104.4;42;2.1;-7.0;34.2
SMA;202202;-;6.0;10.69;64;91;956.2;15.1;-3.4;4.5;0;54.4;70.8;0;124.7;47;3.3;-6.5;29.5
SMA;202203;-;5.4;67.97;37;166;956.0;20.0;-4.6;7.2;0;26.5;54.1;0;252.2;73;1.9;-7.4;18.0
SMA;202204;-;7.6;77.34;61;200;948.5;22.8;-2.5;9.2;3;85.2;66.3;0;204.1;54;2.7;-4.3;20.7
SMA;202205;-;12.0;96.51;54;237;953.7;30.4;5.9;16.0;0;72.6;67.7;0;229.3;53;1.8;3.2;28.2
SMA;202206;-;15.1;115.86;48;261;952.6;34.2;9.3;19.5;0;126.6;69.4;0;256.9;59;1.7;7.9;18.5
SMA;202207;-;14.1;176.16;40;287;956.0;34.3;11.3;21.3;0;44.8;58.3;0;315.6;72;1.9;8.8;20.6
SMA;202208;-;15.2;128.84;42;236;952.4;34.7;13.6;20.4;0;75.1;66.5;0;281.6;69;1.9;10.5;21.2
SMA;202209;-;12.6;44.68;66;145;950.3;26.1;4.4;14.3;0;112.8;77.2;0;150.5;43;2.1;2.0;30.8
SMA;202210;-;13.2;20.35;69;98;956.6;22.8;6.7;13.7;0;69.4;84.6;0;141.4;46;1.5;4.9;44.1
SMA;202211;-;8.7;6.99;81;49;951.1;16.1;0.5;7.3;0;74.7;85.0;0;53.3;21;1.8;-0.8;43.0
SMA;202212;-;6.7;2.93;89;29;949.9;15.6;-7.7;2.7;19;90.3;87.6;2;34.8;15;1.9;-10.1;49.3
SMA;202301;-;6.1;2.59;89;33;953.0;15.6;-6.7;2.9;8;42.6;78.9;1;37.3;15;2.5;-8.8;42.9
SMA;202302;-;5.9;8.35;60;90;960.9;15.3;-5.5;3.5;0;21.3;74.3;0;124.9;48;2.1;-7.8;36.7
SMA;202303;-;6.9;28.18;78;113;948.2;18.9;-1.3;7.0;2;99.9;68.9;0;116.9;34;2.8;-3.6;25.8
SMA;202304;-;7.9;41.34;83;155;950.5;19.8;-1.9;8.2;0;102.9;72.5;0;120.0;31;2.3;-5.0;24.1
SMA;202305;-;11.4;69.69;71;201;952.5;24.9;6.0;13.8;0;117.3;74.1;0;164.6;38;1.9;1.9;28.0
SMA;202306;-;12.8;172.55;38;304;951.7;30.3;11.1;20.0;0;37.8;56.3;0;318.6;74;1.9;4.3;19.8
SMA;202307;-;15.3;112.83;61;243;951.9;35.5;10.9;20.3;0;131.5;66.8;0;225.6;51;1.9;9.4;18.1
SMA;202308;-;16.0;92.53;59;205;951.9;33.9;9.7;19.9;0;162.8;70.7;0;215.9;53;1.8;7.4;25.5
SMA;202309;-;15.6;66.37;43;190;954.1;29.3;6.6;18.3;0;53.7;74.9;0;251.1;72;1.5;5.0;35.2
SMA;202310;-;11.5;31.95;62;107;949.4;25.7;2.6;13.0;0;56.8;77.6;0;151.4;49;1.9;0.6;27.6
SMA;202311;-;7.8;7.24;86;39;946.0;15.1;-1.0;6.0;4;198.1;82.4;0;39.4;16;3.4;-3.5;46.3
SMA;202312;-;6.8;3.90;83;33;952.7;10.7;-7.3;3.9;33;134.9;84.1;4;46.6;20;2.7;-4.1;33.7
SMA;202401;-;6.1;2.83;79;44;954.4;13.1;-7.6;2.3;16;106.4;82.3;2;68.4;28;2.7;-10.9;35.6