stn;time;tso010m0;pva200m0;ets150m0;gre000m0;prestam0;tre200mx;tre200mn;tre200m0;tre005mn;hns000m0;rre150m0;ure200m0;hto000m0;su2000m0;sremaxmv;fkl010m0;nto000m0;ure200mn
CDF;200001;1.0;4.6;3.48;60;905.9;5.7;-21.9;-2.8;-26.2;40;49.9;87.6;20;108.1;43;2.0;54;-
CDF;200002;0.7;5.4;3.73;75;905.5;11.6;-16.9;0.5;-20.5;55;184.5;84.1;7;85.9;31;2.3;68;-
CDF;200003;2.8;5.7;5.76;119;902.8;13.6;-12.5;2.2;-13.7;13;49.9;79.4;1;134.3;39;2.4;60;-
CDF;200004;6.5;7.0;19.94;158;892.7;21.6;-4.0;6.3;-5.0;0;88.2;74.5;0;142.2;38;2.2;67;-
CDF;200005;12.3;10.2;47.24;200;901.2;22.2;-0.5;10.9;-2.1;0;139.7;79.0;0;172.2;40;1.9;64;-
CDF;200006;13.7;12.1;96.84;242;905.3;26.9;2.5;14.2;1.5;0;61.7;75.5;0;233.5;54;1.5;52;-
CDF;200007;13.0;11.5;74.89;199;900.1;27.1;0.8;12.5;-0.4;0;193.5;80.4;0;170.2;39;2.3;68;-
CDF;200008;14.4;13.2;97.69;194;904.3;27.8;5.9;15.5;4.7;0;96.4;77.2;0;226.5;56;1.4;48;-
CDF;200009;12.4;11.3;55.00;159;901.0;23.5;1.9;12.1;0.3;0;97.5;80.8;0;196.6;57;1.6;52;-
CDF;200010;8.9;8.9;19.01;82;899.9;19.0;-2.8;7.7;-4.8;0;137.6;84.5;0;104.7;34;2.1;67;-
CDF;200011;4.8;6.4;9.64;51;893.2;16.3;-5.4;3.3;-8.9;5;136.2;82.9;0;79.6;31;2.8;63;-
CDF;200012;3.2;5.9;5.23;38;896.1;13.1;-10.3;2.4;-13.3;18;108.7;80.7;1;75.1;32;2.1;68;-
CDF;200101;1.2;5.2;3.33;46;895.5;9.4;-11.3;0.3;-14.3;18;117.9;81.9;1;71.3;28;2.4;75;-
CDF;200102;0.9;5.0;4.48;86;900.2;14.0;-16.9;0.2;-11.2;26;77.8;78.0;2;108.3;41;2.6;66;-
CDF;200103;3.2;7.3;2.71;84;891.5;17.5;-11.9;4.5;-7.7;34;305.6;85.5;3;60.7;18;3.0;86;-
CDF;200104;4.6;6.4;9.83;149;897.3;16.9;-4.7;3.5;-7.7;17;204.5;80.8;1;83.0;22;2.5;82;-
CDF;200105;11.3;10.5;66.51;193;900.6;23.5;-1.0;11.7;-0.1;0;112.9;77.7;0;196.4;46;2.3;66;-
CDF;200106;14.3;10.4;102.56;228;902.6;27.7;-0.5;12.0;-2.6;0;148.8;75.3;0;213.8;49;1.8;59;-
CDF;200107;15.9;13.0;103.42;240;901.8;25.7;4.4;15.3;3.8;0;182.7;76.0;0;220.2;50;2.0;59;-
CDF;200108;16.0;13.7;99.42;210;903.4;27.3;3.3;15.9;3.1;0;133.8;76.8;0;241.8;60;1.6;48;-
CDF;200109;10.9;9.5;23.34;107;900.0;19.3;0.2;8.4;-0.6;0;197.9;85.8;0;80.1;23;2.0;85;-
CDF;200110;10.9;10.3;33.78;109;904.2;23.5;2.2;11.3;0.1;0;103.0;78.5;0;170.0;55;1.6;46;-
CDF;200111;4.1;5.5;12.96;66;903.2;13.3;-9.1;0.5;-12.1;20;120.1;84.7;1;118.3;46;2.8;57;-
CDF;200112;1.3;4.5;6.43;47;902.6;7.7;-24.3;-3.0;-20.0;56;68.5;83.2;6;118.3;50;3.6;61;-
CDF;200201;0.0;4.6;6.39;61;906.8;16.7;-16.0;-1.0;-18.9;5;41.3;77.7;8;134.9;54;1.9;48;-
CDF;200202;0.5;6.0;3.29;66;900.1;14.7;-16.7;2.5;-19.3;53;131.0;80.8;6;58.1;22;3.7;80;-
CDF;200203;3.2;5.9;8.29;136;900.8;15.5;-7.1;4.0;-8.8;6;106.8;73.3;1;167.5;49;2.5;53;-
CDF;200204;6.2;6.3;20.98;181;897.5;17.7;-3.7;5.8;-7.9;0;45.7;70.0;0;172.7;46;2.4;63;-
CDF;200205;10.2;8.6;61.80;182;899.2;24.0;-1.3;9.2;-2.6;0;168.5;76.1;0;158.9;37;1.7;67;-
CDF;200206;15.0;12.6;118.45;246;902.6;30.3;3.2;15.5;0.5;0;73.2;71.8;0;243.7;56;1.8;52;-
CDF;200207;15.1;12.7;89.36;204;901.7;25.5;2.5;14.5;2.8;0;150.9;77.6;0;179.6;41;2.0;60;-
CDF;200208;14.3;13.1;61.41;168;901.3;25.2;4.1;14.3;4.5;0;303.6;81.3;0;144.5;36;1.6;67;-
CDF;200209;12.1;10.6;40.93;138;902.1;20.5;-0.7;10.5;0.1;0;97.1;81.9;0;134.4;39;2.1;67;-
CDF;200210;8.6;8.6;29.89;95;899.1;19.4;-3.0;8.3;-2.3;0;198.6;78.8;0;131.0;42;2.5;70;-
CDF;200211;4.8;7.4;6.53;43;894.6;13.0;-3.0;4.5;-4.8;13;375.8;87.2;1;57.5;22;1.9;83;-
CDF;200212;2.5;6.4;3.23;34;897.9;10.4;-8.4;2.4;-9.1;6;131.7;86.9;0;52.5;22;2.1;76;-
CDF;200301;1.4;4.6;3.40;52;897.5;10.3;-22.3;-2.3;-26.4;86;106.0;83.5;8;79.1;31;2.9;68;-
CDF;200302;1.2;3.4;6.03;110;900.0;10.1;-25.9;-4.5;-27.5;74;40.3;76.4;46;141.6;54;1.6;51;-
CDF;200303;1.9;5.4;11.78;170;904.7;16.0;-5.5;4.1;-7.9;1;33.0;66.5;2;230.6;68;2.2;37;-
CDF;200304;5.3;6.5;26.25;190;898.5;19.3;-9.8;6.2;-14.2;8;87.2;68.0;0;191.4;51;2.7;53;-
CDF;200305;11.3;10.1;52.44;192;902.9;24.0;-2.5;11.3;-5.4;0;102.3;75.4;0;155.2;36;2.1;69;-
CDF;200306;18.9;13.5;143.16;273;903.2;29.3;7.1;18.8;2.9;0;51.9;64.8;0;268.4;62;1.6;53;-
CDF;200307;17.4;12.4;135.56;234;903.2;30.4;3.9;16.3;0.7;0;99.7;69.5;0;236.3;54;1.8;48;-
CDF;200308;18.5;13.0;166.27;228;904.4;32.5;4.0;18.9;1.0;0;81.1;63.4;0;280.4;69;1.5;39;-
CDF;200309;13.8;9.9;70.13;164;905.0;24.7;0.7;11.2;-3.0;0;80.1;75.7;0;197.8;57;1.7;47;-
CDF;200310;8.4;7.4;24.02;95;896.6;20.2;-16.1;4.5;-20.8;3;187.2;83.6;0;128.2;41;2.2;63;-
CDF;200311;4.8;6.5;15.68;64;900.1;17.2;-4.8;4.3;-7.9;16;60.0;79.8;1;119.9;47;1.4;42;-
CDF;200312;2.3;5.0;6.67;48;900.6;12.9;-14.9;0.0;-17.9;33;51.2;79.9;4;105.1;44;2.2;47;-
CDF;200401;1.8;5.0;2.23;45;894.6;9.3;-17.4;-1.4;-14.1;114;206.7;86.8;20;46.3;18;2.9;84;-
CDF;200402;1.0;4.4;5.69;99;901.3;13.3;-17.1;-1.4;-17.6;30;35.2;78.0;13;142.2;52;2.4;51;25.4
CDF;200403;1.2;5.0;6.75;135;902.1;17.5;-11.8;1.0;-12.7;30;70.0;75.8;5;123.4;36;2.3;64;16.7
CDF;200404;5.6;6.8;19.05;168;896.5;16.8;-2.9;5.6;-3.7;19;59.0;75.2;2;136.7;36;2.8;68;26.2
CDF;200405;9.8;7.8;84.30;214;899.0;21.8;0.3;8.4;-3.2;10;56.2;72.8;0;197.3;46;2.4;59;29.3
CDF;200406;14.5;11.1;91.50;215;903.9;26.3;2.6;13.1;0.1;0;129.6;74.7;0;182.3;42;2.2;66;21.8
CDF;200407;16.7;12.2;102.56;221;903.4;27.2;2.7;14.7;-0.2;0;70.3;73.5;0;198.0;45;1.9;58;35.0
CDF;200408;17.5;13.4;67.85;172;901.2;27.0;5.7;15.1;2.5;0;255.5;79.2;0;153.9;38;2.1;68;31.3
CDF;200409;14.2;11.2;59.05;150;905.7;24.0;1.7;12.3;-0.3;0;102.8;78.7;0;167.9;48;2.0;54;29.5
CDF;200410;10.7;9.9;22.12;81;897.7;22.8;1.0;9.7;-0.4;0;192.0;82.4;0;90.4;29;2.0;69;28.5
CDF;200411;4.3;6.3;6.93;49;902.8;15.2;-8.3;2.0;-11.2;6;43.5;85.5;0;56.4;22;2.2;77;41.1
CDF;200412;1.3;5.0;6.60;46;900.9;12.9;-16.5;-0.4;-22.0;52;69.4;83.3;6;109.0;46;1.9;56;23.1
CDF;200501;0.8;4.6;4.64;61;904.8;12.0;-19.4;-1.8;-20.7;91;90.5;82.4;16;110.6;44;2.5;53;19.8
CDF;200502;0.6;3.9;3.01;90;898.1;6.2;-19.5;-4.4;-19.7;102;87.2;85.1;40;85.5;32;2.3;71;41.2
CDF;200503;1.2;5.7;6.44;145;899.2;16.6;-22.1;1.3;-21.1;40;43.6;78.6;24;169.3;50;1.5;51;29.1
CDF;200504;5.5;6.9;16.85;147;898.0;22.4;-9.2;6.0;-14.1;29;130.0;74.6;2;118.8;32;2.2;74;17.0
CDF;200505;12.1;9.3;71.52;199;901.9;26.1;-1.2;10.6;-5.9;0;115.9;72.8;0;187.6;44;1.9;69;24.9
CDF;200506;17.1;11.9;130.66;246;904.1;28.9;2.1;15.3;-2.4;0;76.4;67.9;0;249.4;57;2.1;61;20.6
CDF;200507;17.6;12.5;105.74;208;902.6;29.9;4.4;15.3;2.1;0;79.0;73.2;0;194.8;44;2.2;63;23.2
CDF;200508;16.2;11.8;82.28;177;903.1;25.7;2.9;13.5;-0.5;0;135.0;77.5;0;184.7;46;1.8;66;37.6
CDF;200509;14.7;12.0;41.93;143;903.7;24.1;2.9;12.6;-0.5;0;88.5;81.1;0;141.0;41;1.8;69;42.9
CDF;200510;9.9;9.4;38.10;112;903.5;20.3;1.1;10.2;-3.2;0;78.7;76.7;0;176.9;57;1.4;53;27.6
CDF;200511;4.5;5.8;16.70;70;899.9;16.5;-12.8;1.9;-16.3;29;47.8;78.9;3;136.9;55;2.1;55;13.6
CDF;200512;1.0;4.1;4.77;45;898.6;4.7;-22.1;-3.7;-24.5;88;105.8;84.3;28;76.2;33;2.5;70;33.7
CDF;200601;0.5;3.7;6.07;69;902.4;8.3;-17.9;-3.8;-19.7;27;27.6;78.0;39;142.2;57;1.6;50;23.5
CDF;200602;0.4;4.3;3.79;79;895.4;6.1;-18.6;-2.5;-23.6;65;75.0;81.3;51;80.6;31;2.3;76;28.4
CDF;200603;0.5;5.4;4.40;128;893.8;14.4;-18.7;0.1;-14.1;87;227.2;81.8;55;106.6;31;2.7;74;42.7
CDF;200604;5.9;7.1;14.31;159;898.5;18.3;-8.1;5.1;-11.7;35;149.2;79.8;3;127.1;34;1.9;72;30.4
CDF;200605;10.9;9.5;39.92;165;901.7;20.4;-0.9;9.8;-4.2;3;223.2;78.0;0;118.4;28;2.4;83;28.2
CDF;200606;16.3;11.7;121.06;262;905.1;25.7;0.3;14.4;-2.0;1;64.7;70.7;0;246.0;57;1.7;60;20.8
CDF;200607;20.6;14.9;143.39;250;905.6;29.3;9.4;19.0;5.7;0;49.0;69.7;0;265.0;61;1.4;48;27.8
CDF;200608;14.3;11.3;44.88;154;899.7;21.1;1.9;11.5;-0.8;0;275.7;83.5;0;114.3;29;2.0;78;39.8
CDF;200609;14.8;13.2;48.34;147;901.9;24.6;5.1;14.6;0.5;0;193.9;80.1;0;155.6;46;1.5;69;31.9
CDF;200610;11.8;10.2;31.02;98;900.7;22.6;0.7;10.9;-3.2;0;89.1;78.3;0;145.9;48;2.0;62;29.5
CDF;200611;6.2;7.0;17.16;63;903.3;17.1;-7.0;5.5;-10.7;3;100.1;77.1;0;116.7;46;2.2;60;17.8
CDF;200612;2.1;5.3;8.66;57;906.4;12.7;-10.8;1.2;-12.3;12;92.8;76.9;2;140.1;61;2.3;44;21.7
CDF;200701;2.2;6.2;2.68;47;904.1;14.0;-15.3;1.4;-18.6;56;138.1;86.0;6;64.3;26;3.2;75;38.1
CDF;200702;2.3;5.8;5.37;83;896.0;14.5;-6.2;3.0;-9.2;34;122.1;77.4;5;105.2;40;2.8;68;13.5
CDF;200703;3.4;5.7;6.12;143;898.5;13.4;-8.0;2.4;-12.8;68;167.4;79.2;7;151.5;45;2.4;61;31.1
CDF;200704;10.5;7.9;34.48;234;902.4;22.2;-3.7;10.3;-6.0;1;19.1;65.1;0;270.3;73;1.7;41;19.5
CDF;200705;13.0;10.0;54.03;192;897.9;25.2;-1.1;11.1;-5.4;0;237.3;77.3;0;153.0;36;2.5;75;24.9
CDF;200706;16.3;12.6;60.39;207;899.6;26.3;4.2;13.8;2.0;0;222.7;80.1;0;141.6;33;2.2;75;28.4
CDF;200707;16.9;12.3;94.12;217;901.9;29.8;4.6;14.4;-0.4;0;206.3;76.2;0;175.4;41;2.4;64;19.3
CDF;200708;16.7;12.8;71.17;181;901.3;26.7;5.9;14.3;1.0;0;229.5;79.2;0;163.7;41;1.7;65;37.2
CDF;200709;13.7;9.9;53.18;162;904.1;21.4;0.8;10.1;-4.0;0;82.0;79.7;0;180.0;53;1.9;57;36.8
CDF;200710;9.9;8.4;34.75;123;904.6;22.3;-2.6;7.2;-5.6;0;19.7;79.7;0;187.1;61;2.3;54;38.2
CDF;200711;3.8;5.6;12.81;58;901.5;14.2;-10.8;1.5;-8.6;33;123.9;80.8;4;89.2;35;2.8;67;31.8
CDF;200712;1.0;4.5;5.71;50;904.2;8.0;-16.7;-2.6;-18.7;71;168.7;83.3;22;107.9;47;2.3;56;27.2
CDF;200801;0.7;5.3;5.67;58;902.5;13.7;-14.1;1.5;-14.9;22;93.5;76.9;7;113.9;46;2.2;66;9.4
CDF;200802;1.8;5.0;9.49;101;907.1;16.6;-14.5;2.2;-17.6;20;72.2;68.6;2;165.5;60;2.2;40;9.2
CDF;200803;2.6;5.3;4.35;118;892.8;16.1;-18.2;1.1;-20.4;82;123.5;78.2;11;76.9;23;3.5;81;20.7
CDF;200804;5.9;6.8;14.01;148;894.8;18.8;-7.0;5.1;-7.8;20;151.6;77.0;1;98.0;27;2.2;81;32.6
CDF;200805;12.2;9.7;59.12;195;898.4;25.2;0.7;11.9;-3.1;0;55.8;70.8;0;152.8;36;1.8;70;21.4
CDF;200806;15.9;12.3;77.06;210;902.1;26.9;2.3;14.0;-1.8;0;108.5;76.7;0;163.1;38;1.7;67;31.4
CDF;200807;17.9;12.7;109.35;233;902.5;26.8;5.7;15.2;0.1;0;189.7;73.7;0;208.2;48;1.8;58;18.9
CDF;200808;17.1;12.8;78.75;201;901.8;25.4;3.2;14.7;-1.6;0;134.1;76.8;0;189.6;48;1.9;64;34.2
CDF;200809;13.5;10.0;50.22;149;901.6;24.2;-0.8;10.4;-6.9;0;125.8;78.1;0;155.6;46;2.5;65;30.6
CDF;200810;9.6;8.8;25.22;94;902.1;19.7;-2.5;7.9;-7.4;27;133.0;81.2;1;119.8;39;2.1;68;23.5
CDF;200811;5.4;6.3;9.86;58;897.8;13.9;-13.9;2.6;-16.8;42;56.6;82.4;7;83.8;33;2.1;71;37.5
CDF;200812;1.7;4.7;4.44;45;898.7;7.1;-14.0;-1.7;-16.0;100;96.6;84.7;32;76.8;33;2.3;68;34.4
CDF;200901;0.5;3.7;4.78;69;894.9;6.3;-17.5;-4.9;-20.5;16;35.4;82.7;42;140.1;56;1.9;44;34.0
CDF;200902;0.5;4.5;2.81;87;895.8;11.9;-18.4;-2.2;-17.0;119;93.5;83.0;63;65.6;25;1.8;73;35.8
CDF;200903;0.3;5.2;5.81;139;897.9;11.3;-9.9;1.2;-10.9;103;118.5;77.6;73;108.0;32;2.7;70;20.4
CDF;200904;7.6;7.6;19.94;200;897.3;18.1;-1.1;7.7;-4.1;1;33.9;73.9;11;177.6;48;1.7;64;22.9
CDF;200905;13.0;10.0;76.87;225;903.5;27.6;-0.5;12.5;-5.5;0;44.3;69.6;0;186.5;44;2.0;62;15.0
CDF;200906;15.9;11.4;88.51;245;901.5;25.1;3.6;13.5;-0.9;0;103.1;74.1;0;194.1;45;2.3;61;25.8
CDF;200907;17.6;13.0;92.33;224;902.8;26.2;6.3;15.6;1.0;0;108.1;74.0;0;178.1;41;1.8;63;31.5
CDF;200908;18.4;13.3;123.72;229;904.2;30.7;4.2;17.0;-1.9;0;69.5;70.6;0;248.9;63;1.5;45;25.3
CDF;200909;14.6;11.5;58.78;156;904.4;27.7;2.0;12.9;-3.2;0;65.6;78.1;0;175.2;52;2.1;53;20.6
CDF;200910;9.5;7.9;34.47;103;901.7;25.4;-4.3;7.4;-9.0;1;61.5;75.9;0;146.5;48;1.6;61;19.0
CDF;200911;5.9;7.1;10.04;48;895.9;17.6;-2.8;5.6;-8.7;34;147.9;78.7;1;59.7;24;2.5;71;19.6
CDF;200912;2.0;5.2;3.00;32;890.8;8.9;-21.7;-0.6;-28.9;53;162.4;83.7;7;31.4;14;2.2;83;45.6
CDF;201001;0.5;3.8;3.13;56;894.0;4.1;-16.7;-4.5;-20.6;95;51.7;84.2;20;82.5;33;1.6;72;48.0
CDF;201002;0.7;4.6;2.88;82;887.8;9.8;-21.4;-1.5;-18.1;49;82.2;80.1;37;57.4;22;2.5;80;24.5
CDF;201003;1.8;5.0;7.28;135;898.7;15.9;-14.1;1.3;-17.4;38;98.6;71.4;4;131.3;39;2.7;64;15.3
CDF;201004;7.0;6.8;29.10;208;900.9;22.0;-6.5;6.8;-10.9;5;33.9;69.7;1;203.3;55;2.2;53;23.9
CDF;201005;10.2;8.7;39.14;158;897.9;23.0;-0.5;8.3;-5.2;0;148.6;80.2;0;91.8;22;2.5;82;27.2
CDF;201006;14.6;12.0;75.67;204;900.2;26.5;4.3;13.8;0.6;0;71.8;76.6;0;151.8;35;2.0;67;34.8
CDF;201007;16.8;13.8;124.74;243;904.1;29.1;5.2;17.0;1.8;0;66.2;72.2;0;233.1;54;1.4;52;26.6
CDF;201008;15.6;12.5;65.49;180;902.1;27.5;3.5;14.0;-1.4;0;249.7;78.3;0;144.9;37;2.0;66;28.9
CDF;201009;13.5;9.9;54.04;159;900.9;20.5;-1.6;10.4;-6.3;0;60.4;78.4;0;162.4;48;1.5;60;36.7
CDF;201010;9.2;7.9;34.95;107;897.9;21.8;-6.0;6.9;-11.8;3;69.3;78.8;0;156.3;51;2.0;56;13.7
CDF;201011;5.5;6.6;6.50;46;891.3;17.4;-18.9;2.4;-18.2;58;120.8;85.4;6;44.9;18;2.6;82;28.6
CDF;201012;1.4;4.6;3.57;41;893.4;11.5;-18.1;-2.7;-23.7;57;102.8;84.0;10;49.3;21;2.1;76;21.1
CDF;201101;1.2;5.0;4.33;59;900.1;11.7;-13.2;-0.9;-15.7;10;63.8;81.8;3;100.4;40;2.4;62;32.4
CDF;201102;0.6;5.0;5.79;93;900.0;13.8;-12.5;0.7;-15.0;27;37.5;78.4;4;124.7;47;1.5;54;18.4
CDF;201103;3.7;5.8;9.07;140;902.1;16.4;-7.2;4.2;-9.0;0;30.9;70.4;2;177.0;52;2.2;51;16.5
CDF;201104;10.0;7.5;31.20;226;901.8;21.8;-3.2;9.1;-5.9;0;43.6;65.9;0;251.6;68;1.7;39;24.0
CDF;201105;13.2;9.2;87.35;240;903.4;25.4;-1.8;11.7;-9.7;0;57.4;68.7;0;233.5;55;1.4;55;15.8
CDF;201106;15.6;11.6;70.52;212;902.7;28.3;4.0;13.3;-1.2;0;114.2;76.2;0;147.6;34;2.0;65;29.8
CDF;201107;16.4;11.1;94.36;220;899.7;27.8;4.0;13.0;-2.8;0;134.1;75.2;0;174.9;40;1.7;64;27.7
CDF;201108;17.3;13.5;98.92;226;902.4;30.3;3.2;16.1;-0.3;0;84.5;74.6;0;224.9;57;1.7;55;32.4
CDF;201109;14.4;12.2;62.41;182;904.0;25.4;1.9;13.7;-0.4;0;59.3;78.1;0;219.0;64;1.7;48;26.8
CDF;201110;10.3;8.5;37.54;124;904.7;22.1;-4.2;7.9;-9.0;0;104.3;79.3;0;192.4;63;1.6;44;29.2
CDF;201111;6.4;6.6;20.67;81;903.2;17.0;-5.3;5.3;-10.6;0;7.6;73.9;0;173.2;69;1.1;36;18.9
CDF;201112;2.5;5.9;2.73;31;900.8;12.2;-12.6;1.1;-13.8;113;285.9;87.9;15;39.5;17;3.1;80;43.0
CDF;201201;0.4;5.2;3.47;48;904.2;6.9;-11.4;-0.5;-14.6;58;170.7;85.8;43;65.5;26;2.5;-;18.6
CDF;201202;-0.1;3.4;5.71;114;904.2;12.1;-21.4;-6.2;-24.5;43;28.2;77.9;43;142.7;52;2.7;-;20.7
CDF;201203;3.2;5.6;13.35;188;907.7;17.2;-7.8;5.1;-10.5;21;25.0;66.3;14;259.0;76;2.0;-;14.1
CDF;201204;6.8;6.9;13.37;144;890.4;23.7;-3.7;5.6;-6.9;6;125.0;77.1;0;85.5;23;2.9;-;21.4
CDF;201205;12.7;9.5;72.84;226;900.5;25.6;-2.7;10.9;-6.9;2;80.8;73.2;0;190.1;45;2.2;-;24.7
CDF;201206;16.7;12.4;83.61;234;901.0;27.6;2.6;14.4;-0.8;0;181.1;76.5;0;175.0;41;2.1;-;32.2
CDF;201207;18.1;12.4;97.80;235;902.7;29.0;5.1;14.5;-0.3;0;165.8;76.2;0;196.6;46;2.2;-;26.8
CDF;201208;18.5;13.5;103.43;220;903.9;31.9;4.6;16.3;0.5;0;155.7;74.7;0;226.5;57;1.6;-;20.0
CDF;201209;14.0;11.1;44.56;138;901.8;24.1;0.1;11.6;-4.9;0;131.4;81.0;0;138.3;41;2.0;-;29.4
CDF;201210;10.7;9.0;28.38;104;897.7;23.5;-9.1;8.3;-15.8;12;151.1;80.3;1;140.7;46;1.8;-;30.9
CDF;201211;5.5;6.8;11.90;62;897.1;14.1;-5.6;4.2;-8.1;39;187.7;82.3;3;100.0;40;2.0;-;37.9
CDF;201212;1.6;5.2;3.31;38;897.3;13.3;-17.0;-0.3;-17.3;113;246.6;84.5;34;39.0;17;2.6;-;30.3
CDF;201301;0.5;4.8;2.87;53;896.7;10.7;-16.4;-1.6;-18.7;56;75.9;84.9;13;62.9;25;1.8;-;13.1
CDF;201302;0.7;3.9;2.96;88;894.8;6.5;-20.9;-4.3;-22.6;124;114.0;82.7;40;70.5;27;2.3;-;34.7
CDF;201303;0.5;5.1;4.01;119;889.3;10.6;-13.5;0.6;-15.3;54;72.9;78.4;20;77.5;23;1.7;-;23.3
CDF;201304;6.2;7.3;14.24;154;897.9;20.5;-6.7;6.2;-8.5;6;120.9;77.4;3;109.6;30;2.1;-;21.5
CDF;201305;10.4;8.4;25.75;159;896.6;20.1;-0.3;7.4;-3.0;2;205.3;81.9;0;79.3;19;2.0;-;35.6
CDF;201306;15.0;11.1;79.90;222;903.2;29.8;2.4;12.8;-2.6;0;135.6;75.9;0;168.1;39;1.9;-;23.5
CDF;201307;18.7;14.3;130.16;263;905.1;29.9;5.5;17.5;-0.2;0;118.5;73.0;0;260.2;60;1.8;-;26.3
CDF;201308;17.9;12.8;110.06;236;904.2;29.1;4.9;15.4;0.1;0;68.7;74.2;0;244.5;62;1.4;-;23.6
CDF;201309;14.3;11.4;52.56;152;902.1;25.9;2.0;12.3;-1.6;0;138.2;80.2;0;151.5;45;1.8;-;20.5
CDF;201310;11.2;10.0;20.95;88;901.7;21.2;-0.7;9.7;-4.0;0;147.4;82.4;0;106.0;35;2.1;-;30.6
CDF;201311;4.8;6.1;7.06;52;898.4;13.4;-13.2;1.6;-15.8;49;151.8;85.3;6;61.7;24;3.0;-;35.8
CDF;201312;1.3;4.8;8.87;58;904.5;11.7;-10.5;0.1;-13.9;47;110.6;77.9;11;134.0;58;2.0;-;19.8
CDF;201401;1.1;5.5;3.06;51;893.5;12.3;-14.0;1.2;-16.8;35;80.9;82.6;6;65.6;26;1.7;-;30.6
CDF;201402;0.7;5.4;3.52;85;893.2;9.6;-7.0;1.5;-9.6;68;116.6;80.3;13;88.3;34;2.5;-;23.0
CDF;201403;4.1;5.6;10.62;167;899.7;18.9;-10.5;4.3;-13.3;27;35.8;69.8;5;206.8;61;1.9;-;17.4
CDF;201404;9.2;7.5;18.29;174;898.5;18.3;-2.3;7.5;-6.2;0;97.6;73.6;0;159.9;43;1.8;-;20.9
CDF;201405;11.3;8.6;57.48;210;900.6;22.4;1.0;9.1;-3.1;0;174.4;76.2;0;163.1;38;2.8;-;30.7
CDF;201406;16.4;11.0;129.24;267;902.3;29.5;3.0;14.6;-1.6;0;72.1;68.1;0;248.7;58;2.2;-;24.7
CDF;201407;17.4;13.2;79.38;195;901.1;28.5;4.3;14.8;0.0;0;338.9;80.7;0;149.9;35;1.8;-;23.3
CDF;201408;16.2;12.2;47.85;176;901.2;25.4;3.2;12.9;-1.5;0;148.1;81.6;0;125.8;32;1.9;-;41.1
CDF;201409;14.7;11.8;45.48;162;903.0;22.6;2.1;12.6;-1.9;0;56.7;80.9;0;167.7;49;1.8;-;32.6
CDF;201410;11.8;10.3;28.76;113;902.4;22.4;-0.3;10.3;-5.2;0;92.6;81.8;0;164.9;54;1.8;-;36.3
CDF;201411;6.9;7.6;11.80;61;895.4;18.4;-2.6;6.3;-6.9;12;87.7;80.6;1;99.6;40;1.2;-;32.4
CDF;201412;3.4;5.7;3.31;32;902.5;14.0;-18.6;0.6;-21.9;65;86.3;86.8;6;39.1;17;2.5;-;18.2
CDF;201501;1.5;5.1;2.98;49;900.5;10.5;-13.9;-0.7;-16.8;98;162.3;85.2;20;61.3;25;2.4;-;26.7
CDF;201502;0.9;4.2;4.71;102;897.1;8.3;-12.3;-2.5;-14.0;71;67.9;81.4;55;125.1;47;2.3;-;27.0
CDF;201503;2.2;5.7;7.66;142;902.4;13.9;-8.1;3.0;-10.5;13;120.2;75.4;21;171.6;51;2.3;-;20.9
CDF;201504;8.0;6.4;31.88;211;903.5;20.9;-6.9;7.1;-10.8;5;132.8;65.3;0;213.0;58;2.5;-;15.1
CDF;201505;13.1;9.2;69.73;219;901.6;24.8;0.5;10.6;-3.6;0;148.0;73.4;0;182.3;43;2.6;-;19.5
CDF;201506;17.6;12.2;108.11;262;904.5;27.0;2.8;14.9;-1.3;0;150.1;73.6;0;231.9;54;2.0;-;24.9
CDF;201507;20.0;13.4;174.06;282;903.7;32.5;3.1;18.3;-0.9;0;88.5;65.3;0;288.2;67;2.0;-;17.3
CDF;201508;18.1;13.5;107.98;207;902.9;31.0;4.8;16.5;1.6;0;62.0;73.2;0;213.3;54;1.5;-;24.8
CDF;201509;13.3;9.6;50.71;154;901.9;21.1;0.9;10.2;-3.8;0;116.8;77.8;0;159.6;47;2.5;-;41.0
CDF;201510;9.4;8.3;24.09;99;901.0;19.6;-2.2;6.9;-5.6;0;39.6;83.5;0;119.3;39;1.7;-;33.4
CDF;201511;6.7;7.3;14.80;68;905.2;20.5;-13.7;4.9;-13.9;44;132.6;81.5;6;112.9;45;2.2;-;20.5
CDF;201512;2.8;6.4;8.11;59;910.9;15.2;-5.7;3.7;-9.6;0;21.9;80.1;0;144.5;63;1.5;-;19.0
CDF;201601;1.6;5.6;2.57;49;897.9;10.2;-20.1;0.5;-22.2;66;214.7;86.2;14;62.3;25;2.5;-;36.4
CDF;201602;1.3;5.6;2.20;64;895.9;11.1;-13.0;0.9;-16.7;75;154.3;85.6;9;48.9;18;3.4;-;37.5
CDF;201603;1.8;5.3;5.76;140;896.1;16.9;-15.3;1.5;-18.0;54;75.2;77.5;15;130.0;38;2.9;-;27.8
CDF;201604;7.5;7.2;14.33;153;896.7;18.0;-6.2;5.6;-9.9;20;183.4;79.0;0;108.0;29;2.2;-;24.1
CDF;201605;11.5;9.0;52.75;197;898.5;21.1;-2.2;9.3;-5.0;0;191.0;77.3;0;153.3;36;2.1;-;22.8
CDF;201606;15.5;12.5;52.57;203;901.1;29.1;4.0;13.2;1.3;0;218.3;82.7;0;124.0;29;1.9;-;24.9
CDF;201607;18.3;13.5;118.24;253;904.9;30.4;4.3;16.1;0.0;0;76.7;75.0;0;237.3;55;1.8;-;29.7
CDF;201608;17.3;12.8;113.61;229;906.1;29.3;3.0;15.8;-0.4;0;54.7;72.7;0;244.1;62;1.6;-;29.5
CDF;201609;15.0;12.0;62.29;165;904.7;25.3;3.2;13.7;-0.6;0;81.7;78.2;0;190.3;56;1.5;-;33.9
CDF;201610;9.0;8.1;27.88;101;903.2;19.4;-4.1;6.8;-7.6;0;95.6;81.2;0;136.0;44;2.0;-;29.4
CDF;201611;4.7;6.3;10.01;59;898.4;16.1;-10.8;3.0;-14.4;46;128.7;82.3;6;79.9;32;2.3;-;31.9
CDF;201612;0.9;4.6;12.99;65;910.4;13.1;-8.0;0.7;-10.6;0;3.3;72.0;0;174.0;76;1.3;-;15.6
CDF;201701;0.1;3.7;4.82;65;902.5;8.1;-18.1;-4.6;-20.3;72;76.8;81.0;25;111.5;45;2.1;-;28.8
CDF;201702;1.0;5.6;5.51;96;900.0;13.9;-8.4;2.5;-10.1;45;70.3;77.4;12;119.8;45;2.3;-;21.4
CDF;201703;5.3;6.7;8.58;151;901.0;17.8;-6.4;5.8;-7.6;28;102.4;74.0;2;175.9;52;2.5;-;12.0
CDF;201704;8.2;6.3;27.03;215;902.5;20.0;-5.8;5.4;-9.8;23;55.9;71.2;1;211.2;57;2.3;-;20.8
CDF;201705;12.2;9.7;72.61;216;901.9;25.2;-2.2;10.9;-4.9;0;117.1;75.1;0;189.7;45;1.9;-;22.1
CDF;201706;18.2;13.1;113.34;270;902.3;29.9;1.9;16.2;-1.2;0;69.3;72.1;0;244.5;57;2.2;-;22.6
CDF;201707;18.1;13.5;94.28;227;903.1;28.3;7.1;16.0;3.6;0;138.8;75.8;0;183.2;42;2.0;-;31.0
CDF;201708;18.2;13.6;93.49;213;904.5;27.6;4.8;16.3;1.3;0;89.8;74.8;0;208.4;53;1.4;-;28.4
CDF;201709;12.9;9.7;38.60;145;901.8;21.3;0.2;9.7;-3.6;0;84.0;81.2;0;132.1;39;1.7;-;29.2
CDF;201710;10.2;8.5;36.77;114;906.5;22.1;-1.6;8.3;-5.3;0;65.5;79.0;0;169.7;55;1.7;-;20.0
CDF;201711;4.6;6.0;9.42;54;900.3;14.1;-9.9;2.0;-11.8;69;133.9;84.3;6;67.9;27;2.5;-;27.6
CDF;201712;1.4;5.0;3.75;45;899.4;8.2;-14.2;-1.4;-17.9;124;177.1;87.6;29;72.7;32;2.4;-;38.4
CDF;201801;1.5;6.3;2.46;45;899.0;12.1;-5.9;2.5;-7.3;56;273.5;85.3;5;47.2;19;3.0;-;34.9
CDF;201802;0.6;4.0;3.13;82;894.8;6.7;-17.8;-3.9;-18.9;43;58.2;82.5;7;64.7;25;2.7;-;28.4
CDF;201803;0.9;5.8;2.93;103;887.8;9.8;-10.0;1.6;-11.6;67;159.2;83.3;6;65.6;19;2.1;-;33.8
CDF;201804;9.2;7.9;28.37;209;898.1;22.9;-5.3;9.7;-5.7;0;31.0;67.5;0;200.9;55;2.1;-;19.0
CDF;201805;13.3;10.8;48.27;193;899.9;22.7;1.7;11.7;-2.2;0;159.9;78.9;0;156.4;37;1.9;-;31.8
CDF;201806;17.5;12.7;103.11;264;902.4;26.2;4.4;15.0;1.8;0;98.9;75.1;0;224.0;52;2.3;-;30.4
CDF;201807;18.8;13.5;144.93;265;902.7;27.5;5.9;17.3;2.2;0;125.3;70.1;0;272.8;63;1.4;-;25.3
CDF;201808;18.2;13.7;112.53;218;904.2;29.1;1.9;16.8;2.5;0;80.2;72.6;0;231.4;58;1.7;-;28.7
CDF;201809;15.0;11.1;70.49;177;906.3;25.6;2.7;13.1;-0.6;0;38.6;74.7;0;209.8;62;1.7;-;23.0
CDF;201810;10.7;8.2;49.89;124;901.5;21.4;-1.8;8.9;-6.4;12;21.7;72.9;1;193.8;63;1.9;-;11.6
CDF;201811;6.0;6.9;10.30;63;899.0;17.8;-6.2;4.3;-8.6;7;42.6;82.4;0;93.6;37;1.4;-;38.1
CDF;201812;3.5;6.1;4.16;37;903.9;9.7;-13.1;1.7;-11.5;30;256.2;85.1;5;59.8;26;2.5;-;26.8
CDF;201901;1.2;4.4;3.02;55;898.3;4.9;-16.3;-2.7;-21.6;104;94.7;85.6;25;75.9;31;2.3;-;49.7
CDF;201902;0.7;4.6;9.25;121;905.4;16.5;-13.4;1.4;-14.8;37;53.9;69.8;43;187.8;71;1.7;-;17.8
CDF;201903;3.2;5.5;10.00;152;903.1;15.9;-9.3;3.9;-10.5;35;128.3;70.0;4;172.0;51;3.5;-;16.8
CDF;201904;6.6;6.5;19.05;179;896.8;20.5;-9.7;5.8;-9.5;53;83.9;73.0;3;147.2;40;2.3;-;15.0
CDF;201905;9.5;8.0;57.54;200;899.1;19.3;-3.2;7.6;-7.6;9;137.3;75.7;0;155.7;37;2.7;-;29.6
CDF;201906;17.1;12.7;139.83;268;902.7;32.7;5.0;16.6;1.7;0;125.3;68.8;0;262.7;61;1.7;-;19.6
CDF;201907;19.6;12.8;158.87;266;902.3;32.6;7.7;17.8;4.5;0;111.7;65.4;0;257.5;60;1.9;-;15.9
CDF;201908;17.8;13.2;114.77;235;903.9;28.5;4.7;16.4;0.8;0;104.3;72.5;0;251.9;64;1.7;-;27.3
CDF;201909;14.8;10.5;71.20;174;904.6;24.8;4.0;12.4;0.3;0;71.1;74.8;0;196.4;58;2.2;-;16.7
CDF;201910;11.2;10.1;25.27;89;900.7;22.4;-0.7;10.2;-3.3;0;177.7;82.8;0;109.0;36;2.1;-;24.9
CDF;201911;5.4;6.6;5.88;50;889.8;12.5;-6.8;2.9;-9.2;30;128.4;85.8;3;53.2;21;2.1;-;38.4
CDF;201912;2.4;5.8;6.92;42;898.2;12.6;-10.8;2.7;-11.9;40;180.4;77.9;3;76.1;33;3.0;-;10.7
CDF;202001;1.2;5.4;6.42;64;906.8;11.7;-8.2;1.8;-9.9;29;58.1;77.4;2;135.5;55;2.1;-;24.2
CDF;202002;2.5;5.7;5.28;83;902.8;15.1;-10.3;3.1;-12.8;76;205.7;74.6;6;96.6;35;3.9;-;20.6
CDF;202003;4.0;5.7;9.04;156;899.3;16.2;-6.8;3.1;-9.8;28;77.9;73.4;2;178.5;53;2.9;-;27.3
CDF;202004;9.4;7.0;32.67;230;900.4;19.4;-6.1;9.1;-9.3;0;37.1;61.3;0;254.6;69;1.9;-;19.3
CDF;202005;12.8;9.2;101.88;249;902.9;23.5;0.7;11.1;-2.6;0;110.9;71.0;0;245.8;58;2.7;-;26.3
CDF;202006;15.2;11.6;76.50;215;899.8;25.5;4.8;13.3;1.8;0;146.1;77.5;0;161.2;37;2.0;-;30.1
CDF;202007;18.2;12.1;168.65;280;904.0;31.1;4.4;16.5;1.8;0;22.3;65.9;0;279.5;65;2.0;-;22.1
CDF;202008;18.2;13.1;101.60;201;901.7;29.1;5.3;16.3;2.9;0;120.9;72.9;0;192.4;49;1.6;-;23.5
CDF;202009;14.5;11.3;63.52;165;902.5;27.2;1.9;12.7;0.0;0;104.5;77.7;0;187.3;55;1.8;-;33.9
CDF;202010;8.8;8.2;17.70;77;898.3;19.7;-2.6;7.1;-5.1;3;193.0;82.2;0;71.7;23;2.7;-;26.0
CDF;202011;6.1;7.0;15.07;75;906.6;18.3;-7.4;4.6;-9.7;7;34.6;80.3;0;148.2;59;1.6;-;7.2
CDF;202012;2.5;5.7;2.73;38;892.0;12.4;-11.3;0.6;-13.4;96;118.9;87.1;12;42.3;18;2.2;-;24.9
CDF;202101;1.2;4.7;2.18;48;894.0;6.8;-17.6;-2.4;-20.0;100;224.6;87.6;36;51.3;21;2.7;-;44.3
CDF;202102;1.7;5.5;5.57;93;900.0;16.8;-15.6;2.4;-16.6;10;51.1;74.5;3;108.6;41;2.2;-;15.7
CDF;202103;3.1;5.1;8.59;157;904.0;20.1;-11.5;2.1;-8.8;58;77.7;73.2;12;169.3;50;2.4;-;16.3
CDF;202104;6.2;5.5;29.03;222;900.1;18.9;-8.2;4.2;-9.6;22;50.9;66.5;1;210.9;57;2.7;-;20.3
CDF;202105;9.2;7.6;56.01;198;898.7;21.7;-3.5;7.3;-6.0;1;215.1;76.1;0;144.0;34;3.1;-;32.5
CDF;202106;16.8;13.1;85.15;237;903.4;27.8;4.6;15.2;2.8;0;230.2;77.7;0;192.4;45;1.7;-;21.8
CDF;202107;17.8;13.5;70.76;203;901.8;26.3;6.0;14.9;3.7;0;226.7;81.1;0;153.6;36;2.1;-;34.2
CDF;202108;17.6;12.7;62.83;193;902.9;28.6;4.8;13.8;2.2;0;67.8;81.3;0;159.8;40;2.1;-;27.8
CDF;202109;15.4;11.8;53.90;163;904.4;24.3;0.8;13.0;-1.8;0;56.2;80.2;0;184.4;54;1.5;-;35.2
CDF;202110;9.8;7.8;39.14;122;903.4;19.6;-4.3;7.5;-7.8;0;99.9;76.4;0;185.1;60;2.2;-;23.3
CDF;202111;5.1;6.0;9.83;56;898.5;14.9;-7.2;1.8;-9.3;23;41.4;85.4;1;87.8;35;2.2;-;29.6
CDF;202112;1.9;5.4;4.64;46;898.5;15.1;-16.5;-0.3;-17.5;90;196.3;85.8;25;85.7;37;2.1;-;27.9
CDF;202201;1.7;4.5;6.11;69;906.9;14.8;-12.5;-1.1;-14.0;51;47.0;77.8;16;134.6;54;2.4;-;24.5
CDF;202202;1.3;5.4;5.30;98;904.0;13.7;-8.7;1.2;-9.3;35;123.0;79.1;11;122.0;46;3.1;-;22.6
CDF;202203;4.8;5.1;13.46;177;903.4;16.4;-8.5;4.4;-11.1;1;16.2;62.0;0;235.9;69;1.8;-;13.4
CDF;202204;7.9;6.7;27.88;197;896.8;19.8;-13.1;6.1;-16.8;25;125.2;71.2;2;186.1;51;2.7;-;19.7
CDF;202205;13.9;10.3;75.21;232;903.1;27.1;0.3;12.5;-0.8;0;36.9;71.8;0;210.3;49;2.0;-;27.0
CDF;202206;18.2;12.6;127.96;268;902.7;31.0;2.8;16.4;0.4;0;123.1;69.8;0;243.8;57;2.0;-;20.2
CDF;202207;20.1;12.0;215.51;311;906.2;32.0;5.9;17.9;3.1;0;39.0;60.9;0;338.3;78;1.9;-;18.7
CDF;202208;19.6;12.8;148.45;238;902.6;30.6;8.7;17.6;6.1;0;92.5;66.6;0;255.7;65;1.9;-;18.3
CDF;202209;14.9;10.7;45.27;145;899.7;25.6;-0.1;10.9;-3.2;0;199.0;81.6;0;140.8;41;1.9;-;31.8
CDF;202210;12.4;10.8;32.98;111;905.5;23.2;1.8;12.2;-0.2;0;112.6;77.8;0;156.3;51;1.8;-;29.5
CDF;202211;7.6;7.2;9.62;56;899.1;15.4;-3.2;5.2;-6.5;1;122.5;82.0;0;73.0;29;2.4;-;29.2
CDF;202212;3.4;6.0;4.55;38;897.0;15.5;-14.5;1.7;-16.9;14;117.5;83.0;2;63.6;28;2.3;-;31.4
CDF;202301;3.4;5.2;2.49;42;900.1;15.1;-15.7;-0.3;-12.4;47;92.4;84.9;8;39.4;16;3.3;-;24.0
CDF;202302;2.1;5.0;6.10;98;907.8;14.9;-12.9;0.4;-16.6;7;19.0;77.1;10;131.1;50;2.3;-;10.5
CDF;202303;4.4;6.1;5.87;123;896.5;16.8;-8.2;4.1;-10.7;24;142.7;74.9;1;121.0;36;3.1;-;28.4
CDF;202304;7.1;6.9;14.52;173;898.5;17.0;-5.0;5.1;-8.4;12;125.2;77.6;1;129.8;35;2.8;-;25.9
CDF;202305;11.9;9.9;60.37;211;901.4;21.0;2.7;10.8;-1.0;0;85.2;77.4;0;166.5;39;2.7;-;30.3
CDF;202306;14.7;11.4;164.63;288;901.9;27.9;5.5;16.3;0.5;0;36.4;63.1;0;290.9;68;1.9;-;22.3
CDF;202307;17.4;13.2;121.07;249;902.3;31.5;6.0;16.6;2.3;0;92.0;71.9;0;224.8;52;2.4;-;23.5
CDF;202308;17.1;13.8;89.67;190;902.4;31.6;5.4;16.7;2.7;0;119.8;74.0;0;176.0;44;2.2;-;27.9
CDF;202309;15.6;12.6;83.15;193;903.9;26.7;1.9;15.3;-2.6;0;54.0;73.7;0;239.5;70;1.6;-;23.9
CDF;202310;11.4;9.2;47.93;110;898.7;25.6;0.3;10.8;-3.6;0;149.6;72.9;0;157.6;51;2.5;-;10.0
CDF;202311;6.3;6.8;5.01;39;894.5;12.1;-8.4;3.0;-8.6;49;351.4;87.2;4;34.9;14;3.7;-;14.5
CDF;202312;2.9;5.8;5.50;41;900.6;14.0;-15.2;2.0;-7.3;44;230.2;82.0;7;75.5;33;2.9;-;14.2
CDF;202401;2.3;5.3;4.97;54;901.5;14.4;-13.3;0.7;-16.8;22;122.0;78.8;5;90.9;37;2.9;-;19.0