stn;time;tso010m0;pva200m0;gre000m0;prestam0;tre200mx;tre200mn;tre200m0;hns000m0;rre150m0;ure200m0;hto000m0;su2000m0;sremaxmv;fkl010m0;ets150m0;nto000m0;tre005mn;ure200mn
SIO;200001;0.3;4.4;57;968.3;8.7;-10.3;-2.2;1;19.9;82.4;5;102.0;62;1.4;3.21;41;-10.3;-
SIO;200002;1.0;5.9;87;967.3;17.1;-4.1;3.5;7;56.5;76.3;0;113.7;49;1.5;8.44;58;-8.8;-
SIO;200003;7.0;6.4;153;962.7;19.5;-2.4;7.1;0;21.8;65.5;0;188.7;60;2.3;36.78;53;-7.4;-
SIO;200004;10.9;7.8;191;952.1;26.1;0.4;11.2;0;35.4;61.1;0;176.5;50;2.9;62.86;63;-4.5;-
SIO;200005;17.0;11.3;241;959.3;28.4;5.2;16.8;0;13.1;61.2;0;224.3;55;2.7;94.96;58;-0.8;-
SIO;200006;19.0;13.5;284;962.5;30.9;8.3;20.0;0;24.5;60.2;0;281.6;68;3.0;132.04;43;1.9;-
SIO;200007;19.0;13.5;236;957.7;34.2;6.9;17.8;0;89.8;67.9;0;213.6;51;2.6;97.11;62;0.8;-
SIO;200008;20.0;14.8;215;961.6;34.0;10.0;19.8;0;34.0;67.2;0;240.9;63;2.0;98.18;46;6.1;-
SIO;200009;16.7;12.2;188;958.8;27.8;5.9;16.2;0;37.5;68.1;0;241.4;75;2.3;70.32;42;0.4;-
SIO;200010;11.9;10.0;98;959.7;21.0;0.6;10.2;0;115.5;81.1;0;120.5;45;1.6;20.48;62;-4.0;-
SIO;200011;7.0;7.1;56;954.7;16.4;-2.4;5.5;1;57.2;79.1;0;65.0;35;1.5;9.69;70;-7.0;-
SIO;200012;3.6;6.2;41;957.5;16.6;-6.8;3.4;0;10.6;78.0;0;52.5;41;1.6;5.06;56;-11.7;-
SIO;200101;1.7;5.6;51;957.6;10.5;-6.3;1.9;2;89.6;79.2;0;75.7;46;1.6;3.23;67;-10.4;-
SIO;200102;3.0;5.2;100;961.4;16.6;-7.3;3.7;10;19.8;66.1;0;126.2;57;2.2;10.32;52;-11.7;-
SIO;200103;7.7;7.9;117;952.0;22.4;-1.4;8.6;16;152.1;72.7;1;92.1;29;2.0;20.92;84;-6.0;-
SIO;200104;10.2;7.3;193;957.0;22.6;-0.2;8.6;0;60.1;66.5;0;164.5;46;2.8;56.17;69;-5.7;-
SIO;200105;17.0;12.0;254;958.1;31.4;4.7;16.9;0;23.5;64.3;0;238.0;58;2.6;93.73;60;-0.5;-
SIO;200106;18.7;12.6;274;960.7;30.4;2.6;17.0;0;101.2;66.6;0;267.3;64;2.4;116.50;49;-1.9;-
SIO;200107;20.7;15.1;258;959.0;31.9;7.8;19.9;0;59.9;66.6;0;252.6;60;2.3;109.37;54;3.4;-
SIO;200108;21.1;16.0;225;960.8;32.4;9.3;20.1;0;59.9;69.9;0;257.5;67;2.1;93.69;47;5.2;-
SIO;200109;15.6;10.7;167;958.7;23.4;3.3;12.8;0;39.9;73.8;0;173.8;54;2.2;48.27;65;-1.1;-
SIO;200110;13.5;11.0;128;963.4;25.8;2.8;13.1;0;8.8;74.4;0;205.0;76;1.7;34.81;37;-2.8;-
SIO;200111;5.7;6.1;62;964.1;14.6;-6.2;3.0;0;17.8;80.1;0;88.9;48;1.4;10.50;55;-10.8;-
SIO;200112;1.9;4.6;42;964.7;12.1;-12.2;-1.7;5;17.3;77.1;0;76.9;61;1.5;6.39;48;-17.9;-
SIO;200201;-0.6;4.5;61;969.8;15.3;-11.1;-1.1;0;14.2;77.8;0;119.8;73;1.5;4.26;33;-15.2;-
SIO;200202;0.9;6.3;82;961.4;18.4;-4.8;5.1;2;51.3;72.4;0;85.9;39;1.9;6.16;70;-8.8;-
SIO;200203;7.1;6.4;159;960.8;21.6;-1.3;8.6;0;49.7;59.5;0;198.5;63;2.1;47.54;53;-7.8;-
SIO;200204;10.3;7.2;208;956.3;24.6;1.5;11.2;0;24.7;56.9;0;204.7;58;2.5;79.00;59;-5.4;-
SIO;200205;14.7;10.2;228;957.7;29.8;3.6;14.0;0;87.6;66.9;0;201.9;49;2.5;83.78;65;-1.6;-
SIO;200206;19.7;14.3;277;959.7;33.7;7.0;20.3;0;59.1;62.0;0;276.6;66;2.6;128.10;50;1.9;-
SIO;200207;20.0;15.0;250;958.6;31.5;9.4;19.5;0;64.4;68.0;0;243.9;58;2.5;105.57;52;4.4;-
SIO;200208;19.7;15.3;203;958.4;29.2;9.2;18.5;0;65.8;73.7;0;201.5;53;2.1;70.47;62;6.6;-
SIO;200209;17.0;12.6;168;959.8;26.2;4.4;14.7;0;32.2;74.7;0;185.3;58;2.2;46.13;58;-0.9;-
SIO;200210;11.9;9.5;101;958.9;23.3;0.8;10.4;0;52.6;75.8;0;140.8;52;1.7;27.49;59;-4.6;-
SIO;200211;7.3;8.0;51;955.0;15.7;0.3;6.4;0;137.4;83.4;0;69.5;37;1.5;8.47;70;-5.1;-
SIO;200212;3.9;6.6;39;959.3;11.1;-4.0;3.3;0;50.7;84.2;0;47.3;37;1.4;4.08;70;-8.8;-
SIO;200301;1.4;5.0;53;959.4;10.1;-9.0;0.3;5;46.3;78.3;0;78.2;48;1.7;3.34;56;-13.3;-
SIO;200302;0.6;3.8;117;962.5;14.9;-9.8;-0.7;4;18.6;68.1;2;169.2;76;1.9;13.24;39;-17.3;-
SIO;200303;6.4;6.2;179;964.7;21.2;-2.1;8.2;0;7.0;59.4;0;257.5;82;2.1;55.21;34;-7.6;-
SIO;200304;10.9;7.2;219;957.6;25.0;-1.7;11.3;0;27.5;55.4;0;227.1;64;2.6;87.10;53;-10.5;-
SIO;200305;16.7;11.2;244;961.3;30.2;2.9;16.3;0;27.1;62.9;0;218.1;53;2.6;89.32;65;-3.1;-
SIO;200306;23.2;15.7;297;959.9;34.9;12.6;23.1;0;66.6;58.5;0;308.7;74;2.4;144.10;49;8.5;-
SIO;200307;22.4;14.6;278;959.6;34.9;11.5;21.9;0;39.8;57.9;0;297.5;71;2.7;152.35;47;6.6;-
SIO;200308;21.8;15.9;235;961.0;37.2;9.7;22.5;0;75.5;62.0;0;282.4;74;2.0;125.98;41;6.5;-
SIO;200309;16.7;12.1;183;962.8;26.7;6.4;15.6;0;12.5;70.1;0;234.2;73;2.3;65.53;43;1.1;-
SIO;200310;10.6;8.4;110;956.3;23.7;-3.4;8.3;0;69.1;75.6;0;162.6;60;2.0;29.03;57;-8.5;-
SIO;200311;6.2;7.0;66;960.5;18.3;-1.4;6.2;0;20.6;75.1;0;108.0;58;1.7;13.65;46;-5.4;-
SIO;200312;2.3;5.2;44;962.0;17.5;-7.9;2.1;0;16.0;72.7;0;79.2;63;2.0;7.38;48;-11.6;-
SIO;200401;1.7;5.5;47;956.1;10.2;-9.8;1.3;23;122.6;79.8;1;51.1;31;1.5;2.60;76;-18.2;-
SIO;200402;2.2;5.0;103;962.1;15.5;-7.2;2.6;0;6.9;68.7;0;154.0;67;2.2;11.35;45;-12.1;25.5
SIO;200403;5.8;5.5;163;962.3;24.9;-6.6;6.2;0;11.5;59.8;0;195.7;63;2.5;44.98;51;-10.6;11.9
SIO;200404;11.1;7.3;209;955.0;23.9;0.2;11.1;0;10.3;57.4;0;195.4;55;2.9;74.56;66;-5.6;16.8
SIO;200405;15.8;9.4;254;956.6;29.0;2.3;14.3;0;30.5;60.4;0;238.3;58;2.7;107.30;60;-2.9;19.7
SIO;200406;19.3;12.4;263;961.0;33.0;8.3;18.7;0;53.9;60.2;0;240.2;58;2.7;122.73;57;3.3;22.0
SIO;200407;20.7;14.3;258;960.3;32.4;8.1;19.9;0;34.0;62.5;0;260.0;62;2.8;123.94;52;2.8;28.5
SIO;200408;20.9;15.0;229;958.4;34.8;7.6;19.7;0;89.8;67.6;0;244.6;64;2.5;94.93;58;4.2;17.3
SIO;200409;17.3;12.8;187;963.2;28.0;4.5;16.5;0;10.9;68.9;0;241.1;75;2.4;69.04;44;1.2;20.5
SIO;200410;13.1;11.1;100;956.7;25.6;2.5;12.0;0;44.0;79.5;0;129.2;48;1.6;23.10;65;-1.3;24.7
SIO;200411;5.5;6.5;63;962.8;16.2;-5.5;3.5;0;20.4;79.0;0;106.6;57;1.4;12.02;46;-9.8;27.8
SIO;200412;1.1;4.8;47;962.7;9.8;-10.3;-0.8;22;42.2;82.8;4;91.0;72;1.5;5.81;39;-11.7;31.6
SIO;200501;0.5;4.3;59;966.7;9.0;-16.0;-2.1;37;36.5;78.9;8;114.3;70;1.7;4.13;39;-25.6;35.8
SIO;200502;-0.3;4.0;108;959.5;8.3;-7.8;-1.4;7;24.9;71.0;3;146.4;66;2.0;10.70;48;-14.0;29.0
SIO;200503;4.1;6.3;170;959.3;22.6;-9.8;6.8;0;13.9;61.4;0;214.9;69;2.0;43.29;47;-14.4;18.0
SIO;200504;10.3;7.6;194;957.0;27.5;-0.8;10.6;1;69.2;62.1;0;181.6;51;2.1;66.47;68;-6.1;9.2
SIO;200505;15.5;10.6;248;959.6;31.2;4.8;15.8;0;36.1;60.4;0;240.7;59;3.0;104.59;59;-0.9;19.1
SIO;200506;20.5;13.8;287;960.8;34.3;5.5;20.3;0;49.3;58.9;0;293.6;71;2.8;140.71;45;-0.3;19.0
SIO;200507;21.3;14.3;257;959.3;35.2;9.2;20.3;0;55.0;61.8;0;252.6;60;2.7;122.79;59;5.3;23.7
SIO;200508;18.9;13.8;202;960.1;28.7;7.4;17.7;0;82.1;70.2;0;202.0;53;2.1;80.68;62;2.7;26.5
SIO;200509;17.7;13.2;168;961.0;28.5;6.3;16.6;0;34.3;70.6;0;192.6;60;2.1;55.94;54;1.6;29.1
SIO;200510;12.0;9.5;122;963.2;21.6;2.2;11.0;0;24.5;74.2;0;186.6;69;1.4;33.91;41;-2.8;24.3
SIO;200511;5.3;6.2;74;961.0;19.2;-12.3;3.5;6;7.6;75.4;1;132.4;71;1.4;16.06;38;-19.8;29.5
SIO;200512;0.5;4.3;41;961.7;7.9;-12.6;-2.1;24;66.2;79.7;2;59.5;48;1.3;4.89;58;-17.9;30.4
SIO;200601;-1.5;4.0;64;965.3;11.1;-12.8;-2.2;4;9.8;74.8;4;120.8;74;1.1;4.63;39;-15.6;33.2
SIO;200602;0.2;4.9;92;957.4;9.9;-7.4;1.1;0;57.0;73.6;0;110.8;50;1.7;7.56;62;-10.3;27.3
SIO;200603;4.4;5.9;145;955.4;22.5;-8.8;4.5;24;128.8;68.7;3;153.9;49;2.2;31.26;69;-13.8;19.5
SIO;200604;10.5;8.0;205;958.1;24.5;0.2;10.8;0;68.8;63.2;0;194.9;55;2.6;68.80;61;-4.6;15.5
SIO;200605;13.7;10.5;229;960.9;26.5;2.7;14.9;0;58.0;63.8;0;198.5;49;2.8;85.55;71;-1.5;20.0
SIO;200606;16.3;13.2;290;962.8;30.9;1.5;19.5;0;29.6;58.7;0;300.2;72;2.6;140.46;44;-1.5;14.7
SIO;200607;19.7;16.5;280;962.7;35.9;13.6;23.3;0;37.9;60.3;0;309.4;74;2.6;147.26;47;11.2;26.9
SIO;200608;16.2;12.7;214;957.9;29.2;5.2;16.8;0;84.1;68.2;0;197.2;52;2.8;80.27;66;2.0;27.4
SIO;200609;15.2;14.4;170;960.3;28.7;7.2;17.9;0;26.4;71.8;0;198.6;62;1.7;54.91;56;4.0;28.4
SIO;200610;11.5;10.7;120;960.5;24.5;3.0;12.8;0;36.6;73.5;0;177.3;66;1.4;32.39;48;-0.5;25.7
SIO;200611;6.2;6.9;67;964.6;18.7;-4.2;6.4;0;35.0;71.7;0;112.9;58;1.4;17.31;48;-10.3;17.2
SIO;200612;1.8;5.4;47;969.1;13.8;-8.8;1.3;0;32.4;77.9;0;92.9;68;1.2;6.77;39;-12.2;37.8
SIO;200701;1.8;6.2;55;966.1;16.8;-7.3;3.0;1;61.5;79.3;0;89.1;50;1.7;3.35;59;-11.0;36.6
SIO;200702;2.9;5.9;88;957.9;14.7;-4.9;4.3;0;64.5;72.6;0;115.7;52;1.5;8.41;53;-8.5;21.6
SIO;200703;7.2;6.1;161;958.9;18.2;-2.8;7.2;0;40.1;61.9;0;195.5;62;2.9;43.79;51;-8.3;21.9
SIO;200704;13.2;8.5;253;960.9;28.1;1.7;15.2;0;1.4;51.7;0;299.2;84;2.4;112.67;33;-4.0;16.7
SIO;200705;16.8;11.4;218;956.7;28.5;3.1;15.5;0;102.6;66.4;0;184.7;45;2.6;74.74;69;-2.8;15.1
SIO;200706;19.1;14.3;264;957.6;32.5;9.3;18.6;0;89.1;68.1;0;235.4;57;2.7;94.48;64;5.1;23.4
SIO;200707;20.1;14.5;260;960.1;34.2;9.1;19.2;0;153.6;66.9;0;260.6;63;2.8;112.59;54;5.3;22.2
SIO;200708;18.9;15.3;214;959.2;32.6;8.9;18.6;0;107.2;72.4;0;220.4;58;2.3;77.80;61;5.4;31.3
SIO;200709;15.8;11.4;190;962.6;24.4;4.2;14.5;0;20.7;69.6;0;234.0;73;2.5;67.15;46;-0.3;26.1
SIO;200710;11.1;9.6;129;964.3;23.8;-2.2;9.9;0;21.1;75.6;0;215.7;80;1.8;35.06;41;-5.7;33.1
SIO;200711;4.8;6.0;71;962.8;15.0;-8.2;3.6;2;15.6;73.9;0;119.7;62;1.7;15.11;47;-12.4;32.2
SIO;200712;1.8;5.1;48;967.0;10.7;-8.4;0.1;1;80.0;79.7;0;86.7;64;1.2;6.03;42;-13.0;32.7
SIO;200801;0.3;5.4;60;965.4;11.4;-8.4;2.5;5;53.1;74.4;0;107.6;60;1.4;4.49;51;-13.4;28.6
SIO;200802;2.0;5.6;118;969.3;18.5;-5.4;4.0;0;8.4;68.3;0;180.3;77;1.7;12.38;32;-11.0;20.6
SIO;200803;5.8;5.9;154;953.3;19.3;-5.8;6.4;12;51.1;61.4;0;158.2;50;2.9;37.16;69;-12.5;17.9
SIO;200804;8.9;7.5;209;954.6;22.4;0.2;10.2;0;27.9;61.2;0;197.5;56;3.1;70.05;67;-5.1;22.0
SIO;200805;15.4;10.7;256;956.7;29.9;5.9;16.9;0;8.8;57.4;0;233.1;57;2.6;104.03;67;-0.6;17.9
SIO;200806;19.0;14.1;269;959.7;32.7;8.6;19.2;0;45.9;64.9;0;225.9;54;2.9;105.61;64;3.0;30.0
SIO;200807;20.6;14.3;273;960.1;32.4;9.6;20.1;0;61.1;62.4;0;276.6;66;2.9;131.03;50;3.8;23.8
SIO;200808;20.0;14.8;233;959.5;30.0;8.8;19.6;0;59.5;66.4;0;254.8;67;2.6;97.97;53;4.1;22.0
SIO;200809;16.5;12.2;181;960.3;28.3;4.5;14.7;0;56.3;72.8;0;213.4;67;2.4;55.06;54;-;32.2
SIO;200810;11.9;10.1;117;962.1;22.0;-0.1;10.7;2;43.7;79.4;0;159.1;59;1.9;25.49;58;-1.6;33.2
SIO;200811;6.1;7.0;64;959.3;20.5;-9.9;4.4;30;72.6;81.6;5;93.9;49;1.5;9.90;59;-12.9;35.9
SIO;200812;1.4;5.4;44;961.0;10.3;-9.5;0.3;31;72.9;85.0;3;63.5;47;1.3;3.96;56;-14.1;33.6
SIO;200901;-0.3;4.3;64;957.8;5.1;-11.7;-2.7;35;56.2;83.9;7;118.3;66;1.1;3.29;42;-15.4;38.4
SIO;200902;0.0;4.9;101;957.5;14.1;-9.4;1.0;8;27.9;74.1;4;116.4;52;1.6;8.73;61;-3.5;35.1
SIO;200903;5.1;5.9;157;958.2;18.1;-3.9;5.9;0;23.4;65.6;0;169.0;54;2.6;36.73;61;-8.8;11.2
SIO;200904;12.0;7.9;220;956.6;23.2;2.1;12.4;0;36.8;58.4;0;220.0;62;2.5;78.25;58;-2.6;18.8
SIO;200905;17.2;11.6;241;962.3;35.1;2.9;16.4;0;24.5;64.3;0;227.1;56;2.2;90.86;58;-1.7;15.9
SIO;200906;20.0;13.4;288;958.9;31.1;6.1;18.4;0;40.6;64.1;0;260.9;63;2.8;112.16;58;2.0;23.2
SIO;200907;21.5;15.0;270;960.5;34.2;9.6;20.5;0;85.3;64.3;0;262.0;63;2.6;117.01;57;5.3;24.9
SIO;200908;22.6;15.6;256;961.5;35.5;8.3;21.6;0;16.4;63.2;0;299.0;78;2.7;125.02;37;6.1;20.9
SIO;200909;18.4;13.4;190;962.3;32.1;5.7;16.8;0;17.3;71.6;0;235.8;74;2.5;62.24;46;3.7;25.3
SIO;200910;11.5;9.2;123;961.3;26.9;-2.8;10.3;0;11.7;72.0;0;181.6;67;1.9;35.93;49;-7.4;24.9
SIO;200911;7.1;8.0;58;957.4;18.3;-1.7;6.7;0;68.3;81.5;0;68.1;35;1.4;8.46;64;-6.6;32.3
SIO;200912;1.8;5.5;40;953.1;8.9;-10.8;1.0;15;107.6;81.4;1;42.7;31;1.5;4.38;70;-14.9;39.2
SIO;201001;0.2;4.4;55;956.4;7.0;-9.8;-1.5;18;11.1;79.9;1;81.6;46;1.3;3.00;62;-17.4;37.7
SIO;201002;0.7;4.8;98;950.0;13.3;-11.8;1.5;0;29.2;69.4;1;113.5;51;1.9;8.93;63;-18.7;18.7
SIO;201003;5.7;5.8;153;959.6;21.6;-5.8;6.1;0;28.6;61.1;0;175.7;56;2.1;39.39;62;-10.7;12.3
SIO;201004;11.2;7.8;239;960.2;27.9;-0.9;11.8;0;6.4;57.7;0;250.4;70;2.7;88.17;55;-5.7;18.7
SIO;201005;15.1;10.6;235;956.2;30.4;5.5;14.0;0;121.0;68.6;0;183.5;45;2.9;73.60;73;0.9;26.3
SIO;201006;18.5;13.8;274;957.4;31.9;7.0;18.9;0;20.4;65.0;0;238.6;57;3.2;106.28;61;2.8;25.1
SIO;201007;21.2;16.2;284;961.1;35.6;9.0;21.8;0;73.1;64.7;0;300.9;72;2.6;132.03;48;5.5;25.0
SIO;201008;19.5;14.8;216;960.1;31.9;6.9;18.5;0;45.6;70.8;0;210.4;55;2.3;80.24;61;4.0;32.1
SIO;201009;16.4;11.6;183;959.4;26.3;2.6;14.8;0;21.7;70.3;0;207.8;65;2.1;60.51;52;-2.2;27.0
SIO;201010;11.1;9.1;116;957.7;25.3;-1.4;10.3;0;16.7;72.8;0;152.3;56;1.7;30.03;58;-6.6;23.7
SIO;201011;6.5;7.1;63;952.3;19.2;-6.8;5.5;1;36.9;76.8;0;80.0;41;1.5;11.00;68;-12.2;36.5
SIO;201012;0.6;4.8;43;955.9;10.4;-11.4;-0.6;29;69.3;79.7;2;62.0;46;1.5;5.43;64;-11.3;34.0
SIO;201101;0.4;4.9;66;962.6;11.6;-9.6;0.2;0;24.5;76.7;0;124.8;70;1.3;4.63;42;-13.5;24.5
SIO;201102;1.0;5.1;105;961.5;15.7;-7.8;2.9;0;6.6;69.6;0;141.9;63;1.4;9.64;48;-12.0;19.0
SIO;201103;6.8;6.5;170;962.7;21.2;-3.6;7.9;0;12.1;62.6;0;220.4;70;2.4;42.99;46;-7.5;24.5
SIO;201104;12.2;8.3;246;960.4;27.2;1.8;14.2;0;5.0;53.9;0;279.5;79;2.4;103.14;40;-3.4;17.0
SIO;201105;16.3;11.1;270;961.7;31.2;3.8;17.0;0;46.1;59.6;0;275.5;68;2.6;118.34;50;-3.5;20.2
SIO;201106;19.3;13.4;267;960.4;34.5;7.6;18.8;0;43.1;63.4;0;232.6;56;3.1;107.15;61;4.1;26.5
SIO;201107;19.6;13.3;265;957.3;34.7;6.9;18.6;0;68.8;63.8;0;241.8;58;3.0;115.76;63;2.0;19.3
SIO;201108;21.6;14.8;248;960.0;36.8;7.6;21.0;0;25.2;61.6;0;279.4;73;2.6;118.57;43;2.1;18.2
SIO;201109;18.6;14.1;186;962.4;32.3;5.9;17.8;0;39.8;70.5;0;231.5;72;2.2;63.42;42;0.7;26.0
SIO;201110;11.2;9.2;130;964.9;25.4;-1.4;10.4;0;34.6;72.9;0;207.1;77;1.7;37.98;30;-6.0;25.0
SIO;201111;5.0;6.2;80;964.6;19.3;-5.4;5.2;0;0.1;69.6;0;146.4;76;1.1;19.55;26;-11.4;26.1
SIO;201112;2.3;6.1;35;963.6;13.6;-7.1;1.9;55;178.6;86.0;5;45.8;34;1.3;3.62;72;-8.1;33.0
SIO;201201;1.2;5.6;52;966.4;11.4;-8.4;1.5;3;56.6;80.6;2;72.4;41;1.6;2.82;63;-11.5;41.8
SIO;201202;-0.1;3.8;116;966.2;16.3;-13.8;-1.7;0;0.0;68.8;0;173.6;74;2.0;12.47;39;-16.7;22.3
SIO;201203;7.2;6.0;193;967.9;23.2;-3.2;9.1;0;5.6;54.6;0;260.8;83;2.1;62.85;28;-7.2;12.4
SIO;201204;11.1;7.8;201;950.1;27.2;-0.6;10.9;0;55.9;62.6;0;151.4;43;3.1;55.39;75;-6.2;17.7
SIO;201205;16.8;10.9;270;959.1;30.2;1.5;16.1;0;46.6;61.3;0;250.4;61;2.5;102.71;59;-4.4;22.5
SIO;201206;19.7;14.3;268;958.9;34.3;7.9;20.0;0;37.6;63.0;0;243.6;59;2.8;114.10;59;5.5;20.9
SIO;201207;21.1;14.5;277;960.1;35.3;9.0;20.3;0;50.3;62.6;0;283.5;68;3.1;132.59;49;2.3;17.4
SIO;201208;21.0;15.5;240;961.4;36.9;9.8;21.3;0;66.2;64.0;0;277.2;73;2.4;117.35;45;6.7;22.6
SIO;201209;16.9;12.9;178;960.3;28.2;5.2;15.9;0;50.7;72.5;0;204.0;64;2.0;55.84;55;-1.1;30.5
SIO;201210;12.9;10.5;111;957.6;23.0;-2.2;11.5;0;39.1;75.8;0;148.3;55;1.4;27.24;54;-7.2;27.8
SIO;201211;7.5;7.3;70;958.1;19.2;-2.6;6.4;0;53.9;75.7;0;103.1;53;1.3;14.25;57;-8.2;32.1
SIO;201212;2.7;5.5;39;960.5;9.2;-11.6;0.6;112;152.2;84.0;12;43.6;32;1.3;3.62;72;-11.6;46.3
SIO;201301;1.4;4.9;59;958.8;11.3;-6.8;0.9;5;21.8;74.1;0;86.7;49;1.1;3.93;60;-11.0;28.2
SIO;201302;1.7;4.4;110;956.9;9.7;-9.3;0.4;24;58.0;69.6;1;138.3;62;1.9;11.17;54;-17.6;26.0
SIO;201303;5.4;5.8;141;950.2;18.0;-4.8;5.6;0;29.5;65.4;0;136.7;43;2.3;29.08;63;-11.6;14.4
SIO;201304;10.5;8.5;210;957.5;28.4;-1.8;11.2;0;45.9;66.0;0;192.1;54;2.6;63.44;67;-7.3;18.8
SIO;201305;14.1;9.5;236;955.6;25.2;3.4;12.8;0;86.0;66.2;0;168.1;41;3.3;67.93;73;-0.6;22.3
SIO;201306;18.5;12.3;281;961.2;36.2;6.9;18.2;0;19.8;61.8;0;250.0;60;2.9;117.46;54;1.0;18.0
SIO;201307;21.4;16.3;286;962.4;37.2;10.2;21.9;0;51.5;64.9;0;293.0;70;2.5;129.24;46;5.1;23.2
SIO;201308;21.0;15.1;256;961.5;35.0;10.5;20.5;0;30.8;64.5;0;291.3;76;2.6;118.55;41;6.0;24.6
SIO;201309;17.5;13.0;187;960.6;30.0;6.0;16.3;0;44.9;72.0;0;209.8;65;2.2;60.89;55;1.2;31.7
SIO;201310;13.9;11.6;111;961.7;24.0;2.3;12.7;0;66.4;79.3;0;134.8;50;1.7;21.87;67;-1.1;26.7
SIO;201311;7.0;6.9;59;959.5;18.4;-7.7;3.8;3;96.3;83.6;0;74.3;46;1.4;8.04;62;-10.2;38.0
SIO;201312;1.3;5.0;50;967.4;13.0;-9.2;0.5;0;16.8;78.3;0;91.8;75;1.3;6.49;34;-12.4;35.8
SIO;201401;2.9;5.9;52;955.7;12.0;-5.7;2.6;3;42.1;80.1;0;61.8;42;1.4;2.68;63;-9.0;31.3
SIO;201402;3.9;6.1;89;955.6;14.2;-2.2;4.2;2;79.1;75.9;0;96.5;44;1.5;7.49;67;-5.0;22.8
SIO;201403;7.0;6.1;185;960.0;22.6;-0.9;8.4;0;4.8;58.2;0;235.5;75;2.4;54.73;45;-5.8;12.1
SIO;201404;11.3;8.4;222;957.3;24.7;2.3;12.8;0;28.6;59.5;0;215.7;61;2.9;76.22;60;-2.9;17.5
SIO;201405;14.5;9.7;257;959.2;29.2;2.7;14.5;0;34.4;61.1;0;212.2;52;3.1;92.72;65;-3.5;22.4
SIO;201406;19.4;12.7;286;959.8;36.2;8.1;20.1;0;17.3;56.9;0;266.3;64;2.7;135.55;57;0.4;13.5
SIO;201407;20.0;15.6;220;959.0;34.0;9.2;19.3;0;105.7;72.1;0;170.2;41;2.6;75.63;71;5.1;24.6
SIO;201408;19.5;14.6;231;959.3;29.4;8.2;18.4;0;87.1;70.6;0;216.8;57;2.5;79.09;64;2.7;31.1
SIO;201409;17.6;13.5;191;961.3;28.3;6.6;16.9;0;15.0;71.7;0;222.7;69;2.0;60.46;50;1.2;35.3
SIO;201410;13.7;11.5;123;962.3;25.8;1.3;13.0;0;29.4;77.0;0;176.6;65;1.6;29.06;50;-3.5;30.3
SIO;201411;8.4;8.4;66;956.2;19.6;0.0;8.1;0;45.4;78.9;0;89.1;55;1.5;11.37;59;-3.9;30.4
SIO;201412;4.6;6.1;43;964.3;11.5;-11.6;2.7;32;40.8;80.7;4;58.2;47;1.2;4.70;63;-8.2;37.8
SIO;201501;2.2;5.4;53;962.9;14.5;-9.0;1.4;36;55.5;78.5;3;65.7;45;1.6;2.98;60;-8.8;34.8
SIO;201502;2.3;4.7;103;958.9;12.0;-6.4;1.3;0;10.3;71.6;2;120.4;55;1.4;9.04;59;-9.5;15.3
SIO;201503;6.9;6.2;157;962.7;19.0;-3.0;7.9;0;63.1;59.9;0;184.1;58;2.5;41.85;56;-8.0;12.7
SIO;201504;11.5;7.5;232;962.8;25.8;-1.3;12.2;0;20.4;54.8;0;229.0;64;2.8;89.11;50;-7.8;11.8
SIO;201505;16.2;10.5;252;960.2;30.7;3.8;15.6;0;114.5;62.0;0;236.4;58;3.1;103.98;63;-0.2;13.4
SIO;201506;20.3;13.4;295;961.9;33.2;9.4;20.6;0;34.6;58.0;0;273.6;66;3.0;133.22;56;4.3;25.8
SIO;201507;23.2;15.1;296;960.5;37.8;11.3;24.0;0;40.0;53.3;0;319.5;77;3.0;175.88;40;5.0;18.8
SIO;201508;21.7;15.7;226;960.6;37.2;10.8;20.9;0;73.1;66.3;0;237.9;62;2.2;100.75;50;6.6;18.5
SIO;201509;17.2;11.0;182;960.6;26.5;3.7;14.9;0;13.3;66.9;0;202.0;63;2.7;63.45;50;-1.7;27.8
SIO;201510;12.0;9.4;119;960.9;21.5;1.1;10.5;0;29.3;75.2;0;163.1;60;1.8;28.84;56;-3.9;23.7
SIO;201511;6.4;7.1;72;966.5;19.3;-5.5;5.9;5;42.1;75.8;0;121.1;75;1.2;16.16;40;-12.0;23.3
SIO;201512;1.9;5.6;50;973.5;11.9;-5.6;2.2;0;3.9;78.6;0;96.7;79;1.1;6.74;28;-10.6;36.9
SIO;201601;2.0;5.7;49;960.6;14.5;-6.4;2.3;13;127.3;78.3;1;62.2;43;1.6;2.96;70;-12.5;26.0
SIO;201602;4.3;6.4;80;957.7;15.0;-3.8;4.4;22;87.3;76.6;1;79.4;35;1.8;5.98;74;-9.2;24.3
SIO;201603;6.6;5.5;171;956.8;21.0;-2.9;6.6;0;18.1;59.3;0;202.6;64;2.5;46.46;48;-8.7;15.9
SIO;201604;11.1;7.8;206;956.1;22.8;0.0;11.3;0;39.4;59.9;0;167.4;47;3.2;63.79;72;-4.2;19.6
SIO;201605;15.5;9.5;256;957.4;28.7;2.9;14.7;0;75.1;59.5;0;217.5;53;2.8;100.23;68;-3.9;16.1
SIO;201606;19.3;13.4;269;959.1;34.5;9.3;18.7;0;44.4;64.8;0;209.8;50;2.7;101.22;68;3.5;24.3
SIO;201607;21.5;15.1;288;962.2;34.8;8.0;21.5;0;46.6;61.4;0;291.3;70;2.8;142.35;47;4.2;23.0
SIO;201608;21.2;14.7;254;963.6;33.6;9.4;21.0;0;26.6;61.6;0;289.3;76;2.7;124.28;42;2.4;20.2
SIO;201609;19.1;13.2;183;962.8;31.6;8.6;18.4;0;14.2;65.4;0;215.8;67;2.2;72.20;47;2.7;21.5
SIO;201610;11.8;9.0;115;963.3;22.0;0.6;10.1;0;32.3;73.3;0;164.1;61;1.9;32.31;50;-6.5;33.3
SIO;201611;6.7;7.1;61;960.1;17.5;-3.2;5.9;0;75.2;77.2;0;75.5;46;1.4;10.31;65;-9.5;37.2
SIO;201612;0.4;4.4;54;973.1;10.5;-7.6;-0.7;0;0.0;77.5;0;111.3;90;1.0;7.81;19;-12.7;31.1
SIO;201701;-0.5;4.1;56;965.4;12.5;-12.1;-2.3;6;31.5;77.5;1;81.1;56;1.4;3.42;49;-18.0;27.6
SIO;201702;2.4;5.8;106;961.8;21.4;-2.7;5.3;1;39.3;68.8;0;139.4;63;1.7;11.84;49;-8.1;11.5
SIO;201703;8.3;7.4;159;961.5;23.4;-1.4;9.7;0;61.6;64.4;0;183.7;58;2.3;41.98;57;-6.3;21.0
SIO;201704;11.5;6.9;244;961.5;26.2;-1.7;11.6;0;20.8;53.2;0;260.0;73;3.1;100.90;40;-8.1;13.8
SIO;201705;15.6;10.6;263;960.5;31.9;2.7;16.4;0;43.9;59.2;0;249.6;61;2.8;110.67;55;-0.2;18.4
SIO;201706;21.2;14.8;289;959.6;36.0;7.5;21.7;0;67.8;59.1;0;277.2;67;3.1;135.50;48;3.7;14.8
SIO;201707;23.0;14.5;278;960.6;34.8;12.9;22.1;0;50.6;57.3;0;264.4;63;3.2;142.27;57;8.2;19.9
SIO;201708;21.8;15.3;229;962.1;36.9;10.4;21.3;0;69.6;63.0;0;251.6;66;2.3;108.37;51;5.4;19.7
SIO;201709;16.7;10.4;179;960.7;27.6;3.9;14.8;0;10.8;63.8;0;196.5;61;2.6;67.73;62;-0.9;29.3
SIO;201710;12.6;9.0;126;966.3;24.2;1.0;11.8;0;12.2;66.7;0;188.9;70;1.8;43.25;42;-5.3;22.4
SIO;201711;5.5;6.1;65;961.7;17.9;-4.4;4.2;0;43.3;74.5;0;83.8;52;1.5;12.58;61;-8.9;29.0
SIO;201712;1.3;4.8;43;962.6;7.0;-10.7;-0.6;82;113.9;81.8;13;54.6;44;1.3;4.69;62;-11.4;39.5
SIO;201801;2.9;6.3;52;961.3;12.9;-4.6;3.9;0;197.0;78.1;2;70.3;48;1.7;3.08;64;-8.2;34.4
SIO;201802;2.2;4.4;98;956.4;11.0;-9.6;0.8;18;29.9;66.1;1;118.1;53;2.0;11.07;66;-14.1;20.2
SIO;201803;5.7;5.9;143;948.5;17.6;-3.4;6.0;2;30.8;65.0;0;131.5;42;2.4;33.08;-;-10.0;17.6
SIO;201804;11.8;7.7;238;957.8;28.9;0.6;14.3;0;29.3;50.3;0;248.0;70;2.4;102.07;-;-3.3;11.4
SIO;201805;17.3;11.7;253;958.2;29.6;7.0;16.8;0;36.8;63.9;0;212.2;52;2.6;85.22;-;2.6;24.2
SIO;201806;20.7;13.7;309;959.1;33.1;10.6;21.1;0;25.8;57.2;0;292.4;70;3.1;147.20;-;5.1;22.4
SIO;201807;22.8;14.5;302;959.5;35.9;13.0;23.3;0;25.0;53.9;0;318.4;76;2.8;176.54;-;7.8;17.4
SIO;201808;21.9;15.4;246;961.5;36.2;8.3;21.8;0;82.3;60.9;0;272.4;71;2.8;118.36;-;2.8;21.3
SIO;201809;19.4;12.6;204;964.2;30.8;7.0;18.7;0;20.4;60.8;0;251.9;79;2.6;87.03;-;1.9;21.4
SIO;201810;13.1;9.5;130;960.9;25.0;3.1;12.4;0;38.1;68.1;0;200.1;74;1.9;44.28;-;-3.3;23.0
SIO;201811;7.7;7.6;70;960.0;20.7;-2.4;6.8;0;7.0;75.6;0;99.9;62;1.5;13.42;-;-8.3;27.8
SIO;201812;4.0;6.3;39;966.4;12.2;-6.0;2.9;10;110.7;81.7;1;55.4;45;1.4;4.87;-;-11.0;29.4
SIO;201901;1.1;4.3;59;960.5;8.0;-6.3;0.0;10;25.1;69.6;0;84.7;58;1.5;4.63;-;-10.9;27.6
SIO;201902;2.5;5.1;122;967.4;20.8;-4.6;4.1;0;17.0;64.8;0;175.2;79;1.6;14.80;-;-9.8;16.1
SIO;201903;7.1;5.8;169;964.1;21.5;-2.7;8.0;0;37.4;57.2;0;200.4;64;2.5;55.13;-;-8.0;11.0
SIO;201904;10.4;6.8;221;956.3;24.1;-0.6;11.4;0;28.2;54.5;0;201.9;57;3.0;82.48;-;-3.7;8.6
SIO;201905;14.2;8.8;252;957.5;26.6;0.5;13.3;0;51.0;59.5;0;215.5;53;3.2;100.70;-;-6.5;18.2
SIO;201906;19.7;13.6;296;960.5;37.0;9.4;21.2;0;52.8;57.3;0;288.7;69;2.7;148.10;-;5.4;16.0
SIO;201907;22.0;15.0;290;959.2;38.0;13.0;23.0;0;76.1;56.0;0;298.2;71;2.9;156.91;-;5.2;18.6
SIO;201908;20.0;15.6;244;961.5;34.4;11.1;21.0;0;82.1;65.2;0;264.5;69;2.3;108.80;-;7.9;22.8
SIO;201909;17.9;12.4;190;962.7;30.2;8.5;17.4;0;4.9;63.9;0;214.5;67;2.6;70.17;-;3.5;24.5
SIO;201910;13.8;11.2;106;960.7;24.9;5.2;12.9;0;47.9;76.3;0;126.8;47;1.6;26.60;-;-0.1;26.1
SIO;201911;8.4;7.6;58;951.0;15.5;-3.0;5.8;0;78.2;81.5;0;56.0;35;1.5;-;-;-6.3;34.1
SIO;201912;4.5;6.3;39;960.6;15.3;-3.7;3.3;29;106.8;81.2;2;64.7;53;1.3;5.03;-;-8.5;39.5
SIO;202001;1.5;5.1;58;969.4;13.0;-6.3;1.4;0;24.2;75.2;0;107.7;74;1.3;4.39;-;-10.3;19.3
SIO;202002;4.6;5.9;91;964.9;18.8;-3.4;5.8;10;78.6;66.0;1;116.2;51;2.4;10.13;-;-9.2;22.5
SIO;202003;7.5;6.3;176;959.9;20.7;-1.6;7.4;0;64.2;63.2;0;214.5;68;2.5;45.10;-;-8.3;19.0
SIO;202004;11.4;7.7;248;959.5;25.5;-0.2;14.0;0;23.1;51.4;0;263.5;74;2.2;105.80;-;-6.7;10.2
SIO;202005;13.9;11.0;273;960.9;30.2;5.8;16.4;0;47.4;62.4;0;265.0;65;2.7;113.69;-;3.1;20.2
SIO;202006;17.7;12.9;272;957.6;31.8;9.9;18.6;0;46.9;62.8;0;225.5;54;2.9;107.83;-;4.3;23.7
SIO;202007;20.1;14.7;307;961.0;34.4;10.2;21.5;0;39.7;60.0;0;318.4;76;3.3;151.06;-;5.6;23.4
SIO;202008;20.3;15.1;239;959.3;36.0;8.6;20.5;0;80.5;65.8;0;255.0;67;2.6;105.62;-;5.8;22.8
SIO;202009;18.3;13.6;190;961.0;28.7;3.7;16.7;0;35.2;72.7;0;222.0;69;2.2;60.50;-;-0.3;34.3
SIO;202010;11.9;9.4;106;959.0;20.8;-0.4;9.7;0;66.8;78.6;0;125.7;47;1.7;21.22;-;-3.5;32.4
SIO;202011;7.6;7.2;73;968.2;20.5;-5.4;5.4;0;4.6;78.7;0;119.7;74;1.4;13.00;-;-9.1;34.4
SIO;202012;3.8;5.8;41;954.4;12.2;-6.0;1.9;7;33.8;82.3;0;45.5;37;1.5;3.84;-;-11.2;29.8
SIO;202101;1.9;5.0;50;956.6;9.6;-10.1;0.1;58;100.1;79.3;3;56.4;39;1.4;2.85;-;-15.5;37.1
SIO;202102;4.9;6.0;100;962.1;20.8;-5.6;5.4;1;30.8;68.5;0;123.3;56;1.8;11.58;-;-9.5;16.5
SIO;202103;7.3;5.7;178;964.8;23.8;-2.7;7.2;0;31.8;58.8;0;219.2;70;2.5;51.02;-;-9.9;9.3
SIO;202104;10.4;6.6;242;959.7;24.0;-2.5;10.0;1;19.5;54.9;0;246.0;69;2.8;91.95;-;-10.5;14.6
SIO;202105;13.4;8.9;237;958.7;26.0;1.3;12.3;0;107.6;64.2;0;198.3;49;2.8;86.28;-;-4.0;23.1
SIO;202106;20.3;14.8;282;961.2;33.3;7.9;20.4;0;42.7;64.4;0;250.0;60;2.6;110.05;-;4.6;20.2
SIO;202107;19.4;15.8;246;959.6;29.3;9.9;19.3;0;133.9;72.3;0;228.2;55;2.3;89.02;-;7.1;30.4
SIO;202108;19.4;14.2;256;960.6;33.0;7.7;18.9;0;41.4;67.1;0;281.7;74;2.8;104.85;-;4.3;26.7
SIO;202109;18.1;13.8;184;963.2;29.0;6.0;17.0;0;50.5;73.3;0;220.8;69;2.0;59.66;-;2.8;28.9
SIO;202110;12.1;8.6;135;963.9;24.3;-0.1;10.0;0;17.6;70.9;0;207.6;77;1.7;39.41;-;-2.0;31.8
SIO;202111;7.0;6.6;64;959.5;16.5;-6.1;4.3;0;15.7;78.2;0;87.7;54;1.5;11.71;-;-9.3;30.3
SIO;202112;3.2;5.1;43;961.3;9.6;-11.9;-0.9;44;104.1;86.6;9;61.6;50;1.1;3.72;-;-13.6;47.3
SIO;202201;1.2;4.5;66;969.1;16.8;-9.1;-0.5;10;11.7;75.8;2;110.2;76;1.3;4.17;-;-10.7;36.5
SIO;202202;2.5;5.3;110;965.9;15.8;-5.6;4.1;0;25.8;64.8;0;140.0;63;2.4;12.65;-;-10.5;15.1
SIO;202203;6.6;5.1;182;964.3;21.4;-5.0;8.0;0;6.5;49.1;0;231.3;73;2.1;62.45;-;-10.7;9.8
SIO;202204;10.9;7.7;225;956.0;24.1;-1.6;11.0;0;27.5;60.4;0;221.8;62;2.8;79.40;-;-6.4;22.9
SIO;202205;18.0;11.8;284;960.9;32.7;5.0;18.0;0;30.5;59.2;0;284.3;70;2.9;120.48;-;-1.5;24.0
SIO;202206;20.4;14.7;277;960.2;36.4;6.3;21.2;0;52.3;61.4;0;267.5;64;2.7;127.27;-;2.8;19.5
SIO;202207;24.0;14.7;318;962.6;36.8;10.9;23.6;0;29.4;53.9;0;358.6;86;3.1;191.30;-;7.3;15.3
SIO;202208;23.3;15.2;250;959.3;36.2;11.7;22.0;0;36.4;60.8;0;281.2;74;2.7;126.96;-;8.9;16.4
SIO;202209;18.2;12.2;186;958.0;29.5;2.5;15.9;0;46.0;68.1;0;199.0;62;2.5;65.99;-;-1.7;31.0
SIO;202210;14.3;12.1;116;965.6;23.7;6.2;13.8;0;77.7;78.4;0;165.5;61;1.4;28.33;-;1.9;30.0
SIO;202211;8.6;7.7;66;960.4;17.1;-2.7;6.4;0;52.0;79.3;0;85.6;53;1.2;10.47;-;-6.3;32.2
SIO;202212;4.4;6.2;42;959.3;12.4;-5.9;2.7;0;90.3;82.0;0;55.5;45;1.2;4.81;-;-9.3;36.0
SIO;202301;3.5;5.3;57;962.6;13.1;-13.0;0.2;16;46.2;80.5;3;81.0;56;1.1;3.10;-;-18.3;45.8
SIO;202302;3.3;5.2;126;969.0;17.2;-6.7;3.7;0;0.1;64.8;0;186.0;84;1.7;13.57;-;-10.9;20.9
SIO;202303;7.5;7.0;141;957.5;22.0;-4.0;7.6;0;123.8;67.5;0;163.6;52;2.1;31.74;-;-8.6;19.6
SIO;202304;11.2;7.9;201;958.1;23.1;-0.7;10.3;0;67.8;63.3;0;168.7;47;2.7;59.17;-;-5.3;22.2
SIO;202305;16.5;11.3;267;959.3;28.7;4.9;15.9;0;23.6;64.8;0;233.3;57;2.8;91.22;-;1.6;21.7
SIO;202306;21.0;13.8;296;959.0;32.3;9.8;21.0;0;35.7;58.1;0;284.5;68;2.7;139.41;-;4.6;20.9
SIO;202307;22.4;15.2;285;959.5;36.3;9.4;22.0;0;78.4;59.8;0;282.5;68;2.9;140.59;-;6.7;21.2
SIO;202308;21.5;14.6;239;959.7;37.6;10.1;21.4;0;58.4;59.9;0;241.7;63;2.6;115.34;-;7.3;19.5
SIO;202309;19.2;14.7;202;962.1;31.4;5.9;19.0;0;35.7;68.4;0;257.2;80;2.0;74.59;-;2.4;34.0
SIO;202310;14.2;10.8;121;958.3;25.5;2.4;13.0;0;47.5;74.2;0;170.2;63;1.5;35.15;-;-0.3;25.3
SIO;202311;7.0;7.3;50;956.2;14.5;-4.9;4.9;13;186.1;82.5;0;53.8;33;1.6;7.48;-;-8.1;39.1
SIO;202312;3.3;6.1;42;962.9;11.8;-7.8;2.7;6;118.8;82.2;3;59.5;48;1.5;4.38;-;-7.5;44.6
SIO;202401;3.1;5.9;56;963.5;15.7;-7.2;2.7;1;52.4;77.7;0;68.0;47;1.4;3.10;-;-9.9;28.5