stn;time;tso010m0;pva200m0;ets150m0;nto000m0;gre000m0;prestam0;tre200mx;tre200mn;tre200m0;hns000m0;rre150m0;ure200m0;hto000m0;su2000m0;sremaxmv;fkl010m0;tre005mn;ure200mn
BAS;200001;2.6;5.8;2.29;73;38;988.3;10.7;-10.6;2.0;4;19.3;79.4;1;74.6;30;2.9;-16.4;-
BAS;200002;4.6;6.9;5.06;73;62;986.3;19.5;-2.2;5.7;1;74.5;75.6;0;80.7;29;3.1;-5.9;-
BAS;200003;8.0;6.9;23.44;71;109;983.4;19.3;-2.2;7.6;0;34.1;66.4;0;131.9;38;2.8;-7.2;-
BAS;200004;11.7;9.0;41.08;71;159;971.7;27.7;-1.6;11.3;0;53.5;68.6;0;157.1;41;2.3;-5.9;-
BAS;200005;16.9;12.6;57.95;65;214;979.7;28.5;6.5;16.2;0;54.6;69.2;0;202.2;46;2.4;1.8;-
BAS;200006;19.9;13.8;99.48;48;262;983.5;32.6;7.5;19.0;0;67.4;64.6;0;279.8;63;2.1;3.7;-
BAS;200007;20.1;14.3;57.80;66;201;977.9;33.0;9.3;17.4;0;138.7;72.5;0;184.9;41;2.4;5.0;-
BAS;200008;20.9;16.7;70.31;48;198;981.4;33.0;11.7;20.2;0;98.0;72.3;0;247.0;60;1.9;7.4;-
BAS;200009;17.5;14.1;41.38;60;154;978.8;27.0;8.4;16.6;0;54.4;75.1;0;209.7;60;2.1;3.6;-
BAS;200010;13.6;11.2;12.89;76;79;978.9;20.1;3.3;11.9;0;63.5;80.0;0;90.5;29;1.9;0.4;-
BAS;200011;8.0;8.1;8.60;76;44;972.7;14.7;0.6;7.7;0;87.8;77.2;0;65.8;26;2.8;-2.8;-
BAS;200012;5.5;7.2;4.37;78;34;976.1;15.6;-2.1;5.6;2;40.9;78.4;0;66.2;28;3.1;-5.5;-
BAS;200101;3.0;6.3;2.50;77;39;976.8;14.7;-4.4;3.5;0;81.2;78.2;0;67.8;27;2.9;-8.1;-
BAS;200102;4.4;6.3;5.37;71;71;981.5;16.6;-4.2;4.8;0;20.5;72.1;0;86.1;32;2.8;-7.8;-
BAS;200103;7.9;8.6;11.52;86;82;970.7;21.5;-0.4;8.5;8;188.8;77.1;0;62.9;18;2.9;-4.2;-
BAS;200104;10.6;8.1;26.14;83;136;977.7;22.9;-0.3;8.5;0;110.2;73.3;0;97.7;25;2.5;-4.5;-
BAS;200105;16.2;13.1;59.10;71;209;979.4;29.3;4.9;15.7;0;117.8;75.1;0;221.1;50;2.0;0.9;-
BAS;200106;18.9;12.8;76.43;60;232;981.3;31.2;4.9;16.2;0;120.4;71.1;0;231.1;52;2.2;1.0;-
BAS;200107;21.7;15.9;75.75;57;229;979.4;31.0;10.9;19.7;0;75.0;71.1;0;248.9;56;1.9;7.3;-
BAS;200108;21.2;16.6;70.49;54;210;980.7;33.6;9.3;20.3;0;45.7;71.1;0;245.1;60;1.8;4.9;-
BAS;200109;15.6;11.8;18.83;80;116;978.7;23.7;3.8;12.7;0;84.7;80.8;0;87.1;25;2.2;1.3;-
BAS;200110;15.1;13.5;16.12;57;104;982.5;26.9;6.4;14.2;0;64.3;84.2;0;160.6;51;1.7;4.2;-
BAS;200111;6.7;6.9;6.04;70;50;985.3;13.2;-4.4;3.7;1;75.2;85.8;0;73.8;29;2.0;-7.0;-
BAS;200112;3.1;5.6;4.57;72;35;985.9;12.9;-13.0;0.9;9;27.9;78.3;1;61.4;26;2.6;-16.6;-
BAS;200201;1.6;5.7;2.56;65;49;989.1;15.8;-10.0;1.4;0;9.7;80.8;1;96.9;38;2.5;-14.4;-
BAS;200202;5.8;7.3;3.79;81;57;980.2;17.1;-3.5;6.9;0;65.3;73.0;0;50.6;19;3.7;-6.0;-
BAS;200203;8.5;7.3;27.46;63;132;981.3;20.9;-3.4;8.2;0;24.7;68.1;0;159.7;46;2.6;-6.5;-
BAS;200204;11.2;7.7;47.22;66;174;977.5;22.5;-1.4;10.1;0;42.7;63.8;0;159.3;42;2.2;-5.2;-
BAS;200205;15.2;11.3;48.07;72;184;978.0;29.5;1.2;13.5;0;142.5;75.3;0;159.0;36;2.0;-2.7;-
BAS;200206;20.7;15.9;76.66;57;248;979.7;34.5;8.4;19.5;0;79.3;70.6;0;239.9;54;2.0;4.3;-
BAS;200207;21.1;15.5;60.65;60;207;978.8;30.4;9.1;18.8;0;93.9;73.1;0;195.9;44;2.0;5.7;-
BAS;200208;20.3;16.6;42.16;65;179;978.4;30.9;10.9;18.5;0;110.3;79.3;0;166.0;40;1.6;7.1;-
BAS;200209;16.8;13.1;24.68;69;125;980.8;25.4;2.3;13.8;0;100.3;82.1;0;130.7;37;1.6;-1.0;-
BAS;200210;12.4;10.4;14.36;79;82;977.7;22.5;2.3;10.8;0;154.9;80.7;0;98.0;31;2.4;-1.2;-
BAS;200211;8.8;9.4;4.05;83;36;973.7;16.3;1.9;7.9;0;177.3;87.2;0;41.3;16;2.4;-1.3;-
BAS;200212;5.8;7.7;2.20;91;24;978.5;14.7;-2.6;5.1;1;47.4;85.5;0;24.0;10;2.6;-3.8;-
BAS;200301;3.7;5.7;1.74;80;35;979.3;15.9;-11.2;1.2;16;53.2;80.6;1;43.2;17;2.8;-14.8;-
BAS;200302;1.4;4.4;8.39;59;84;982.6;14.2;-10.8;0.2;12;29.6;70.5;2;117.6;44;2.5;-13.2;-
BAS;200303;7.6;6.6;38.81;51;145;985.1;22.0;-1.6;8.7;0;16.0;60.3;0;204.3;59;2.2;-5.0;-
BAS;200304;11.8;7.7;61.21;60;189;978.0;27.0;-3.8;10.7;6;53.5;60.2;0;204.9;53;2.2;-7.6;-
BAS;200305;16.7;12.7;45.03;76;194;981.0;28.1;3.2;15.3;0;80.4;73.2;0;155.8;36;2.0;-1.5;-
BAS;200306;23.2;17.3;100.71;53;279;979.3;35.9;12.9;23.3;0;21.0;62.9;0;286.9;64;2.0;8.3;-
BAS;200307;23.7;15.2;102.64;56;243;979.9;36.3;11.5;21.3;0;67.7;62.6;0;252.7;57;1.9;8.7;-
BAS;200308;24.6;16.0;111.81;43;230;980.0;38.6;9.9;23.8;0;58.8;58.0;0;285.6;70;1.7;7.5;-
BAS;200309;17.3;11.9;52.33;52;169;983.3;28.7;3.8;15.5;0;46.3;69.5;0;212.7;60;1.6;0.6;-
BAS;200310;10.0;8.9;16.29;70;84;976.2;23.6;-3.5;7.8;1;123.2;81.1;0;113.1;36;2.1;-7.3;-
BAS;200311;6.7;8.1;6.99;70;54;979.7;15.1;-0.9;6.6;0;46.5;83.8;0;80.0;31;2.0;-4.3;-
BAS;200312;3.1;6.0;5.01;65;36;981.7;12.5;-4.8;2.4;1;18.4;80.1;0;73.7;31;2.7;-8.9;-
BAS;200401;2.8;6.0;1.94;86;37;975.1;14.4;-8.7;2.3;16;124.0;80.6;2;40.1;16;3.1;-11.9;-
BAS;200402;3.1;5.6;6.62;74;84;982.7;16.7;-8.6;3.0;10;36.9;73.1;1;113.6;41;2.4;-12.7;32.5
BAS;200403;5.5;6.3;23.95;70;117;983.1;23.6;-5.0;5.7;0;41.2;69.0;0;122.4;35;2.4;-8.3;20.5
BAS;200404;10.8;8.3;42.62;73;173;975.5;24.2;1.3;10.6;0;19.1;66.2;0;148.3;39;2.4;-2.0;25.1
BAS;200405;13.7;9.8;71.09;64;218;977.5;27.3;2.9;13.2;0;50.9;66.9;0;207.0;47;2.0;-1.4;23.9
BAS;200406;17.1;13.4;72.54;68;228;981.4;31.2;8.8;17.7;0;70.1;68.4;0;194.2;44;2.2;4.8;27.5
BAS;200407;21.0;14.9;76.32;64;227;980.7;30.9;9.5;19.4;0;71.3;67.5;0;210.4;47;2.1;6.1;27.4
BAS;200408;21.0;16.5;51.89;68;179;977.8;32.0;11.6;19.8;0;79.6;72.6;0;167.3;41;2.1;8.5;22.5
BAS;200409;18.2;13.7;40.52;60;151;983.7;28.1;6.5;16.4;0;34.9;74.4;0;178.0;51;2.0;3.5;33.6
BAS;200410;13.5;12.0;12.40;77;76;976.0;28.1;4.6;12.3;0;173.6;84.4;0;87.0;28;2.0;1.7;30.7
BAS;200411;7.6;7.6;4.63;86;42;983.9;16.1;-4.2;5.2;0;26.5;84.1;0;39.0;15;1.9;-7.5;40.8
BAS;200412;3.5;5.9;2.46;76;30;982.6;11.5;-10.7;1.3;13;63.8;87.5;1;48.0;20;2.4;-15.8;52.4
BAS;200501;2.4;5.7;2.88;58;51;986.6;13.3;-10.7;1.8;5;24.2;78.7;1;94.9;38;2.8;-16.6;36.7
BAS;200502;2.0;5.1;3.77;75;68;980.4;13.0;-11.4;0.6;21;26.1;78.2;1;57.2;21;2.7;-21.1;31.4
BAS;200503;6.3;7.3;22.99;64;133;979.6;22.5;-14.7;6.6;8;40.5;71.5;1;157.1;45;2.2;-20.8;24.3
BAS;200504;11.3;8.8;35.19;75;144;977.1;26.3;-1.2;10.5;0;80.3;70.7;0;123.7;32;2.1;-4.0;20.3
BAS;200505;14.8;11.6;62.70;64;209;980.1;30.8;2.0;14.6;0;98.3;71.2;0;205.9;47;2.2;-1.2;20.3
BAS;200506;19.6;14.6;89.07;57;258;981.9;34.0;4.2;19.3;0;84.2;65.7;0;257.6;58;1.9;0.6;22.6
BAS;200507;21.9;15.9;61.69;65;212;979.8;34.6;10.4;19.3;0;112.6;72.5;0;184.3;41;2.1;8.3;18.2
BAS;200508;19.8;14.6;55.20;58;188;980.8;29.9;8.7;17.4;0;67.8;75.2;0;197.4;48;2.0;4.9;31.3
BAS;200509;18.6;14.5;31.59;63;144;981.5;28.4;5.0;16.4;0;39.1;77.7;0;154.9;43;1.7;2.6;33.9
BAS;200510;13.4;11.9;17.46;58;100;982.1;21.2;5.0;12.5;0;61.5;82.9;0;158.3;49;2.0;1.5;37.0
BAS;200511;7.8;7.4;7.89;68;56;981.0;19.6;-5.7;4.8;3;30.6;82.6;0;91.0;35;2.1;-9.4;47.4
BAS;200512;3.3;5.4;2.45;84;28;981.1;11.5;-9.7;0.8;7;40.8;82.7;0;22.1;9;2.4;-13.8;53.4
BAS;200601;0.9;4.7;2.61;54;53;985.5;7.8;-8.6;-1.4;4;7.8;83.2;1;99.6;38;2.5;-11.1;50.8
BAS;200602;1.5;5.4;3.03;83;57;977.5;11.2;-8.6;1.0;8;35.8;80.5;1;48.8;18;2.4;-12.0;44.2
BAS;200603;4.0;6.5;17.47;71;107;974.6;22.7;-5.8;4.5;58;131.2;73.8;6;104.1;29;3.2;-8.9;35.1
BAS;200604;10.2;8.6;38.82;70;154;978.0;24.3;-0.9;9.8;7;150.5;71.6;0;148.0;38;2.3;-5.1;24.5
BAS;200605;15.1;11.7;41.39;80;177;979.9;25.8;4.3;14.4;0;140.9;71.7;0;128.0;29;2.5;-0.9;25.1
BAS;200606;17.7;14.2;85.96;53;254;982.6;31.5;3.7;18.7;0;76.3;66.7;0;244.3;55;1.8;0.0;20.1
BAS;200607;22.1;17.6;116.78;41;268;981.3;35.2;13.6;23.7;0;27.1;62.7;0;309.1;69;1.7;8.6;20.7
BAS;200608;18.1;14.0;38.81;73;161;977.0;25.9;8.8;16.3;0;138.3;76.7;0;134.6;33;2.2;3.7;35.8
BAS;200609;18.7;16.4;29.42;70;141;978.9;28.4;8.3;18.0;0;177.7;79.9;0;148.7;42;1.9;4.7;37.7
BAS;200610;14.9;13.0;14.51;71;88;978.7;21.8;4.5;13.7;0;63.2;83.1;0;120.4;38;2.1;1.8;38.1
BAS;200611;9.0;8.8;9.39;70;57;983.0;16.4;-1.0;7.9;0;34.7;80.8;0;103.2;40;2.5;-5.6;35.9
BAS;200612;5.0;6.6;5.54;59;45;988.0;18.1;-4.6;3.7;0;45.0;81.1;0;111.7;47;2.8;-9.4;40.1
BAS;200701;5.8;7.4;2.24;81;42;984.7;15.2;-8.5;5.8;19;47.3;78.5;2;59.6;24;3.2;-12.4;39.8
BAS;200702;5.3;7.1;6.12;66;77;975.9;15.2;-1.7;6.4;0;61.7;74.9;0;113.1;42;3.0;-5.2;29.3
BAS;200703;7.7;7.1;20.77;61;127;978.7;17.1;-0.9;6.9;6;62.8;72.5;0;148.4;43;2.8;-4.6;30.1
BAS;200704;13.5;9.3;83.25;40;236;980.9;27.3;1.6;14.4;0;2.0;58.9;0;307.9;80;1.8;-2.2;19.1
BAS;200705;17.0;12.1;56.91;69;203;975.3;29.7;4.8;16.0;0;160.2;68.1;0;176.4;40;2.6;0.5;19.5
BAS;200706;19.8;15.7;45.07;71;209;976.5;29.9;10.8;18.4;0;183.1;74.9;0;151.5;34;2.1;5.9;29.4
BAS;200707;21.2;15.2;65.89;59;215;978.8;33.6;8.3;18.7;0;119.0;71.6;0;191.7;43;2.4;5.2;27.7
BAS;200708;20.2;15.5;49.59;66;179;978.9;33.1;8.2;18.1;0;196.6;76.3;0;178.1;43;1.7;5.8;31.0
BAS;200709;16.8;12.3;34.51;62;151;983.1;24.7;5.2;14.0;0;39.7;77.2;0;180.1;51;1.8;0.2;39.5
BAS;200710;12.9;10.3;17.47;68;95;985.1;24.9;-0.7;10.3;0;5.1;79.2;0;131.0;42;1.7;-4.6;41.0
BAS;200711;6.4;6.7;7.25;73;45;983.0;12.2;-5.5;4.3;0;39.4;79.4;0;69.4;27;2.6;-10.7;47.8
BAS;200712;3.5;5.8;4.60;70;38;986.3;14.5;-8.5;2.1;0;35.1;78.2;0;77.5;32;3.4;-11.5;49.3
BAS;200801;3.2;6.4;3.08;76;45;983.6;13.5;-3.6;4.3;0;44.3;75.9;0;88.8;35;2.9;-7.6;20.4
BAS;200802;3.2;6.2;8.90;47;90;988.8;17.7;-5.0;4.8;0;18.8;71.2;0;163.5;59;2.3;-10.1;27.7
BAS;200803;6.9;6.4;19.69;79;113;972.8;20.3;-4.8;6.2;4;44.1;67.4;0;102.7;30;3.7;-9.1;20.1
BAS;200804;10.5;8.4;27.45;81;136;974.4;21.4;-1.7;9.3;1;112.0;72.3;0;95.7;25;2.5;-7.2;29.2
BAS;200805;16.6;12.2;66.65;63;224;976.6;26.6;6.2;16.3;0;74.6;67.2;0;200.6;46;1.7;0.2;20.4
BAS;200806;19.8;15.1;59.21;69;211;979.5;31.4;8.2;18.3;0;34.4;72.9;0;174.0;39;1.9;-;30.5
BAS;200807;21.7;15.3;78.62;56;229;979.4;32.5;10.0;19.6;0;112.7;68.1;0;217.3;49;2.1;5.4;27.7
BAS;200808;20.2;15.5;55.53;64;190;978.9;29.5;9.8;18.6;0;95.4;73.4;0;200.0;49;2.0;4.4;37.6
BAS;200809;17.1;12.3;28.44;73;138;980.8;26.5;3.4;13.6;0;125.1;78.3;0;142.1;40;1.8;-1.2;40.0
BAS;200810;12.9;10.8;15.51;71;88;982.0;22.4;0.6;10.8;1;113.4;81.8;0;119.0;38;2.2;-2.6;42.2
BAS;200811;7.1;7.8;6.17;77;47;978.8;18.1;-3.6;5.8;2;18.1;82.0;0;62.3;24;2.2;-7.0;42.3
BAS;200812;2.5;5.8;3.15;79;27;981.3;9.7;-6.7;1.7;33;76.7;82.6;4;41.3;17;2.3;-9.9;44.2
BAS;200901;-0.1;4.7;2.78;65;46;977.8;12.9;-10.6;-0.8;3;18.1;80.0;0;97.4;39;2.8;-12.5;51.6
BAS;200902;1.1;5.5;4.84;82;69;977.8;13.8;-8.0;2.0;13;48.9;76.7;1;68.8;26;2.4;-9.4;37.1
BAS;200903;6.1;6.5;19.38;75;107;978.9;14.8;-3.5;6.1;1;69.6;69.9;0;97.3;28;2.9;-8.2;21.5
BAS;200904;13.5;9.3;46.63;66;184;976.4;24.0;3.8;12.9;0;18.4;64.6;0;168.0;44;1.9;-1.4;20.4
BAS;200905;18.3;12.8;63.53;63;221;982.0;32.3;3.4;16.7;0;86.7;68.1;0;201.3;46;2.0;-1.1;16.0
BAS;200906;20.1;14.0;67.12;64;233;979.4;29.6;8.2;17.7;0;65.9;69.4;0;203.3;46;2.0;3.4;26.6
BAS;200907;22.0;15.8;68.17;64;222;979.6;32.4;12.3;20.0;0;87.3;68.5;0;190.7;43;2.3;7.0;22.5
BAS;200908;22.2;17.0;77.16;51;210;980.8;34.6;8.1;21.1;0;84.9;69.0;0;256.5;63;1.7;4.4;29.1
BAS;200909;18.5;14.2;37.08;63;139;982.7;31.0;8.5;16.5;0;42.2;76.4;0;173.1;49;1.6;3.6;29.3
BAS;200910;12.8;10.1;19.40;74;88;981.2;28.2;-0.5;10.6;0;47.3;77.3;0;123.7;40;2.1;-4.7;38.1
BAS;200911;8.8;8.8;7.15;75;43;975.1;16.1;1.3;8.4;0;82.9;79.5;0;63.7;25;3.1;-3.0;38.3
BAS;200912;3.8;6.3;3.04;87;27;971.8;14.3;-16.0;2.4;8;112.8;81.7;1;33.7;16;2.6;-21.8;46.4
BAS;201001;1.3;5.0;1.78;87;35;976.5;8.0;-8.3;-0.7;28;40.3;84.0;3;45.2;19;1.9;-10.8;56.8
BAS;201002;2.8;5.6;3.98;85;60;968.6;15.9;-9.6;2.4;14;54.0;75.4;2;46.4;18;2.6;-14.2;33.8
BAS;201003;6.5;6.4;22.34;73;122;979.9;21.0;-6.8;5.9;11;45.2;66.6;1;122.9;37;2.1;-9.4;22.1
BAS;201004;12.4;8.0;57.33;64;194;980.7;27.9;0.8;11.1;0;19.6;62.1;0;188.0;50;1.8;-1.6;20.8
BAS;201005;15.1;11.0;31.25;83;156;976.9;27.9;4.9;12.5;0;140.5;77.4;0;93.5;22;1.6;1.2;25.8
BAS;201006;20.3;14.6;63.91;68;219;977.9;32.2;7.9;18.0;0;65.4;72.2;0;191.5;43;1.3;4.7;23.7
BAS;201007;24.5;16.4;98.53;54;253;980.8;35.7;10.7;21.6;0;44.4;65.5;0;264.3;59;1.4;7.4;25.2
BAS;201008;20.8;15.5;49.29;67;186;979.2;29.9;8.4;18.3;0;141.2;74.4;0;170.8;43;1.6;5.1;35.7
BAS;201009;16.9;12.1;38.33;62;160;979.4;24.6;3.8;14.1;0;53.8;76.4;0;186.4;54;1.3;0.0;33.2
BAS;201010;12.1;9.9;15.08;72;90;977.5;23.6;-0.6;9.7;0;30.9;81.1;0;106.5;36;1.5;-4.6;34.8
BAS;201011;8.1;8.2;5.31;85;38;971.1;18.6;-8.8;6.3;16;71.6;83.4;2;37.4;15;1.9;-10.6;47.3
BAS;201012;2.7;5.5;2.08;88;28;974.9;14.8;-11.3;-0.2;38;128.3;87.7;6;26.6;13;1.9;-12.4;45.6
BAS;201101;3.1;6.3;1.68;83;37;981.9;16.7;-7.9;2.4;5;38.9;83.0;1;51.2;22;1.8;-10.5;44.1
BAS;201102;4.2;6.6;3.76;74;66;981.0;15.2;-4.4;3.9;0;27.0;81.6;0;81.5;32;1.5;-7.3;28.2
BAS;201103;7.6;7.3;25.95;56;130;982.8;20.4;-3.7;7.5;0;48.2;70.7;0;172.1;51;1.6;-7.2;22.0
BAS;201104;15.1;9.3;68.43;50;232;980.5;26.0;0.4;13.4;0;20.3;62.5;0;272.8;72;1.3;-2.7;23.4
BAS;201105;18.8;10.9;96.51;54;260;981.3;31.0;1.2;16.6;0;48.4;60.0;0;279.7;65;1.4;-2.5;18.3
BAS;201106;20.5;14.3;57.86;70;222;980.0;34.1;8.7;18.1;0;96.9;70.4;0;169.1;38;1.5;4.3;29.8
BAS;201107;20.9;13.8;70.33;63;235;977.0;33.7;8.0;17.4;0;114.7;71.0;0;205.1;46;1.6;5.1;22.5
BAS;201108;22.0;16.6;67.01;55;225;978.8;35.1;8.7;20.2;0;45.8;71.5;0;242.5;61;1.5;5.6;28.3
BAS;201109;19.4;15.2;39.12;55;174;981.3;31.9;7.2;17.4;0;79.8;77.6;0;222.1;65;1.3;3.4;29.7
BAS;201110;13.5;10.8;18.52;60;107;983.8;25.0;0.3;11.0;0;45.8;81.4;0;151.3;51;1.6;-2.6;38.0
BAS;201111;8.6;8.4;6.91;65;57;983.4;16.2;-1.8;6.4;0;4.1;86.5;0;103.6;43;1.7;-3.6;50.3
BAS;201112;5.5;7.4;2.82;86;27;980.7;13.6;-2.1;5.3;4;118.0;81.9;0;32.3;16;3.0;-5.5;47.5
BAS;201201;4.1;6.7;1.78;78;36;985.4;14.4;-5.7;3.8;8;63.3;83.1;0;51.2;22;2.6;-9.3;41.5
BAS;201202;1.7;4.3;6.67;58;84;988.4;14.7;-19.3;-2.2;15;12.5;72.6;5;112.8;42;1.6;-21.4;29.8
BAS;201203;9.0;7.4;35.47;41;158;988.3;22.7;-1.7;8.9;0;13.6;67.5;0;232.6;69;1.5;-5.2;21.1
BAS;201204;11.5;8.7;30.18;82;146;969.4;28.0;0.7;9.8;0;100.0;72.7;0;104.5;28;1.9;-3.7;25.7
BAS;201205;17.6;11.9;67.55;63;224;978.5;30.6;2.4;15.5;0;66.5;68.9;0;216.1;50;1.8;-1.0;20.3
BAS;201206;20.7;15.3;60.24;68;231;978.0;33.0;9.3;18.4;0;134.3;72.8;0;193.0;43;1.7;6.6;37.4
BAS;201207;21.7;15.6;69.64;62;230;979.8;34.4;8.7;19.1;0;128.1;72.5;0;211.1;47;1.7;4.6;26.2
BAS;201208;22.4;17.0;72.64;57;221;980.5;34.0;10.7;20.7;0;120.5;71.1;0;250.2;63;1.6;7.4;24.1
BAS;201209;17.6;13.7;27.34;70;138;979.7;28.4;6.2;15.1;0;83.2;80.5;0;139.5;41;1.5;1.8;23.8
BAS;201210;13.1;11.1;11.64;75;82;976.4;23.9;-0.9;10.8;1;89.2;84.2;0;91.9;31;1.8;-3.7;37.7
BAS;201211;8.3;8.4;6.51;76;50;976.8;19.8;-1.8;6.8;0;143.2;84.6;0;72.0;30;2.1;-5.0;31.3
BAS;201212;4.3;6.4;3.55;83;35;977.6;16.2;-6.1;3.6;23;93.5;79.7;2;46.6;23;2.9;-11.0;39.2
BAS;201301;3.2;5.9;1.62;90;35;978.1;16.6;-7.7;1.7;18;42.5;83.6;3;39.0;17;1.8;-12.5;35.2
BAS;201302;2.5;5.0;3.44;82;62;977.0;12.3;-11.1;0.4;28;63.5;77.7;3;48.5;19;2.1;-13.9;40.9
BAS;201303;5.0;6.0;11.26;84;87;969.9;15.6;-4.9;3.8;7;57.9;74.9;0;59.8;18;2.0;-6.8;28.0
BAS;201304;10.8;8.7;33.38;79;148;977.4;25.7;-1.4;10.2;0;84.8;70.6;0;109.4;29;2.1;-3.9;21.4
BAS;201305;14.8;10.6;29.02;81;162;975.2;23.2;4.5;11.9;0;99.4;76.9;0;94.9;22;1.7;1.3;33.1
BAS;201306;19.6;13.5;72.87;67;251;980.9;34.5;5.0;17.5;0;64.5;68.6;0;218.6;49;1.6;2.0;25.3
BAS;201307;23.2;16.8;99.63;47;272;981.8;37.3;10.8;21.6;0;82.6;67.4;0;297.2;67;1.5;6.3;18.4
BAS;201308;22.1;15.8;74.09;50;226;981.2;34.9;9.5;19.5;0;90.4;71.3;0;257.3;64;1.4;5.1;21.0
BAS;201309;18.3;13.8;31.93;70;146;979.7;29.5;7.6;15.7;0;68.1;77.9;0;145.3;42;1.5;3.5;25.8
BAS;201310;14.5;12.0;13.17;78;86;980.1;24.8;1.8;12.6;0;97.5;81.6;0;97.3;33;1.9;-2.7;25.4
BAS;201311;8.1;7.5;5.35;83;39;979.2;17.7;-5.8;5.3;4;79.9;82.0;0;41.7;17;2.0;-9.3;45.9
BAS;201312;3.5;6.1;5.80;57;48;985.4;17.1;-4.1;3.0;0;76.6;80.8;0;112.0;56;2.5;-7.0;31.2
BAS;201401;4.6;6.9;2.24;82;43;973.4;13.0;-3.5;4.5;0;57.3;81.0;0;60.2;26;2.4;-7.3;44.3
BAS;201402;5.2;6.7;5.59;73;75;973.0;15.1;0.6;5.7;0;71.9;73.9;0;86.6;34;2.6;-2.5;29.3
BAS;201403;8.6;6.9;34.68;54;152;979.5;21.7;-1.0;8.5;0;13.7;64.6;0;201.6;60;1.7;-4.1;23.3
BAS;201404;13.5;9.2;49.40;71;184;977.3;23.4;0.2;12.2;0;59.2;66.2;0;176.2;47;1.7;-6.1;18.8
BAS;201405;16.5;10.6;53.38;73;215;979.1;27.3;3.2;13.9;0;70.0;68.3;0;165.4;38;2.0;-1.2;26.2
BAS;201406;21.6;12.9;109.38;55;278;979.5;35.5;8.9;19.2;0;59.4;59.9;0;284.3;63;1.8;4.1;19.6
BAS;201407;21.5;16.4;58.39;74;200;977.8;33.3;10.3;19.2;0;196.3;75.9;0;171.0;38;1.7;6.1;19.9
BAS;201408;20.8;14.8;42.76;74;187;978.4;28.4;9.4;17.4;0;89.4;75.0;0;151.0;38;1.7;4.8;38.5
BAS;201409;19.0;14.6;31.43;65;156;980.9;27.1;6.7;16.4;0;34.1;79.0;0;174.2;51;1.3;2.6;39.6
BAS;201410;15.7;13.0;14.73;70;99;980.6;23.8;2.9;13.6;0;80.9;82.8;0;128.9;43;1.7;-0.3;42.7
BAS;201411;10.3;9.2;5.90;79;54;974.7;17.0;1.6;8.0;0;87.2;86.0;0;74.1;30;1.9;-1.2;51.9
BAS;201412;6.4;6.9;2.47;86;24;983.6;13.0;-13.4;3.8;17;49.2;84.2;1;25.5;13;1.9;-19.1;39.0
BAS;201501;4.2;6.2;1.94;79;37;981.4;16.8;-7.2;3.1;8;67.9;81.3;1;42.2;18;2.4;-9.5;29.3
BAS;201502;3.1;5.2;4.99;68;70;979.1;14.4;-5.3;1.6;0;25.4;75.9;0;81.5;32;2.3;-8.7;15.0
BAS;201503;7.7;6.9;25.46;66;132;982.7;17.5;-2.1;7.4;0;31.3;67.3;0;168.1;50;2.4;-6.3;29.3
BAS;201504;12.4;7.9;65.87;59;203;983.0;25.7;-2.0;11.2;0;87.6;61.3;0;220.3;58;2.0;-6.6;18.5
BAS;201505;17.3;11.4;56.92;80;208;979.7;29.8;4.3;15.0;0;92.1;68.5;0;171.0;40;1.8;-0.8;21.9
BAS;201506;21.1;14.6;75.97;67;245;981.8;32.6;8.4;18.7;0;94.5;69.3;0;223.0;50;1.6;3.6;23.5
BAS;201507;24.5;15.8;130.98;45;275;979.6;36.5;8.4;23.2;0;22.9;56.9;0;311.3;70;2.0;5.7;20.5
BAS;201508;22.5;16.4;77.47;59;213;979.3;37.0;11.0;21.0;0;73.7;68.2;0;228.0;57;1.5;7.8;20.4
BAS;201509;17.7;11.5;40.36;62;154;980.5;27.0;4.4;14.4;0;49.0;71.1;0;162.0;47;1.7;0.4;34.3
BAS;201510;13.0;10.1;15.18;77;93;980.6;21.2;0.4;10.2;0;36.0;80.6;0;106.5;36;1.4;-2.3;43.3
BAS;201511;10.0;8.9;10.25;66;65;984.6;21.9;-3.7;8.7;1;48.9;78.1;0;105.1;43;2.2;-7.0;43.8
BAS;201512;6.0;7.7;4.76;57;51;991.2;15.0;-2.3;5.5;0;16.0;85.0;0;125.9;63;2.4;-4.4;44.9
BAS;201601;4.4;6.8;1.68;82;39;978.3;14.1;-7.1;3.7;1;131.9;83.5;0;45.7;19;2.6;-10.2;43.5
BAS;201602;5.7;7.0;3.14;85;54;976.1;15.9;-2.0;5.2;5;86.1;78.5;0;44.8;17;2.8;-5.3;42.6
BAS;201603;6.6;6.7;17.83;72;114;976.7;21.6;-2.4;5.7;3;37.8;73.5;0;112.1;33;2.2;-;26.9
BAS;201604;12.1;8.9;30.16;81;153;976.1;20.8;-0.5;9.7;0;144.8;74.6;0;118.4;31;1.9;-5.0;31.3
BAS;201605;16.1;11.5;49.35;74;193;976.6;26.6;2.6;13.9;0;154.7;73.8;0;163.5;38;1.6;-1.2;21.2
BAS;201606;20.6;15.7;41.98;73;208;978.3;33.2;9.7;17.7;0;176.2;78.3;0;142.7;32;1.5;5.0;29.7
BAS;201607;23.3;16.3;90.45;55;257;981.6;34.6;8.1;20.7;0;35.7;68.8;0;269.9;61;1.6;4.1;26.2
BAS;201608;22.4;15.9;78.01;47;228;983.0;33.8;7.8;20.3;0;69.2;69.0;0;259.7;65;1.4;4.1;22.7
BAS;201609;19.9;14.9;42.34;57;165;982.0;30.0;7.3;17.8;0;44.7;75.1;0;196.5;57;1.2;3.2;34.7
BAS;201610;12.8;10.0;14.07;72;85;983.2;18.3;0.7;9.6;0;57.7;83.5;0;100.4;34;1.5;-2.7;38.5
BAS;201611;8.3;7.7;6.64;77;47;978.8;17.6;-4.7;5.9;0;54.7;82.1;0;59.9;25;1.8;-8.3;31.1
BAS;201612;3.2;5.9;4.22;54;49;992.5;10.2;-5.7;1.0;0;3.3;88.5;0;126.4;63;1.7;-8.1;50.5
BAS;201701;0.8;4.5;2.07;72;41;985.5;9.2;-10.5;-1.7;19;38.5;81.0;2;58.0;25;2.3;-14.1;53.2
BAS;201702;4.4;7.0;5.03;75;76;980.4;20.4;-1.3;5.5;0;59.0;78.4;0;95.1;37;2.4;-3.8;18.5
BAS;201703;9.2;7.8;30.70;69;144;980.4;22.9;-0.1;9.6;0;36.4;67.0;0;175.4;52;2.2;-3.6;24.7
BAS;201704;12.7;7.5;57.21;58;204;982.5;24.4;-2.4;9.9;2;66.2;64.4;0;205.8;54;1.8;-7.6;18.4
BAS;201705;17.4;12.1;71.62;65;236;979.9;31.3;2.6;15.8;0;112.7;69.3;0;230.7;53;1.6;-1.9;17.5
BAS;201706;23.1;15.2;100.81;56;283;978.7;34.3;8.3;20.9;0;32.0;62.7;0;278.1;62;1.9;4.4;22.4
BAS;201707;22.8;15.9;80.69;67;235;979.5;34.0;11.5;20.9;0;71.3;66.7;0;206.8;46;1.9;7.9;23.9
BAS;201708;22.6;16.9;62.73;60;215;981.0;32.0;10.1;20.5;0;100.2;71.3;0;217.9;54;1.5;6.7;30.1
BAS;201709;17.2;12.1;29.64;72;145;979.9;25.7;4.5;14.3;0;42.1;75.7;0;138.2;40;1.5;0.6;37.0
BAS;201710;14.0;11.0;20.04;59;107;985.2;24.3;-1.4;12.1;0;33.6;78.3;0;145.0;49;1.2;-4.4;23.1
BAS;201711;8.0;7.7;5.86;82;44;980.6;17.8;-2.5;5.7;0;92.5;82.8;0;52.4;22;1.9;-5.6;45.7
BAS;201712;4.3;6.4;3.04;85;29;980.4;15.5;-5.7;3.1;10;80.7;82.6;0;40.2;20;2.5;-9.3;44.4
BAS;201801;6.0;7.7;1.96;82;37;978.9;15.3;-1.4;6.3;0;117.3;80.7;0;45.5;19;3.0;-6.7;41.4
BAS;201802;3.5;4.8;6.03;79;63;977.6;8.1;-11.1;0.3;8;34.5;73.3;0;64.5;25;2.5;-14.8;25.8
BAS;201803;5.5;6.7;13.11;81;100;967.5;15.9;-6.2;5.2;14;47.7;75.4;1;75.1;22;2.2;-8.1;28.6
BAS;201804;13.8;9.5;64.83;60;216;976.1;28.3;1.3;14.2;0;15.0;60.9;0;232.7;62;2.1;-2.6;20.5
BAS;201805;18.2;13.1;51.72;75;209;977.7;27.7;6.8;16.3;0;127.2;72.5;0;179.6;42;1.5;4.6;30.5
BAS;201806;22.4;15.3;84.66;56;276;979.7;31.5;7.2;19.5;0;47.8;68.9;0;268.0;60;1.6;3.6;29.3
BAS;201807;23.7;15.5;124.34;45;276;978.9;34.5;9.9;22.4;0;55.3;60.3;0;311.1;70;1.5;6.0;21.7
BAS;201808;23.8;16.0;90.87;54;227;980.6;34.8;8.6;21.7;0;50.6;63.8;0;256.2;64;1.6;4.0;23.9
BAS;201809;19.3;13.1;56.47;51;179;984.0;30.8;2.9;17.4;0;28.1;67.6;0;228.6;67;1.5;-0.3;22.5
BAS;201810;14.3;10.4;23.52;57;107;980.4;25.6;0.7;11.8;0;41.4;75.9;0;157.3;53;1.4;-3.2;26.5
BAS;201811;8.4;8.2;5.74;73;50;979.2;15.4;-2.4;6.3;1;33.7;84.5;0;65.4;27;1.9;-5.7;54.6
BAS;201812;6.1;7.4;2.78;84;31;984.5;15.6;-4.9;5.0;1;99.0;82.2;0;40.0;20;2.5;-8.6;52.7
BAS;201901;3.5;5.4;2.34;81;43;979.9;10.1;-5.9;1.6;8;22.2;78.4;0;59.3;25;2.3;-9.3;44.1
BAS;201902;4.4;5.9;11.08;47;107;986.3;19.7;-4.1;5.1;0;28.0;69.3;0;169.0;66;2.3;-8.0;22.2
BAS;201903;8.2;6.7;34.05;57;143;982.9;20.6;-2.3;8.5;0;39.5;61.8;0;166.3;49;3.0;-5.8;17.7
BAS;201904;11.7;8.3;39.00;76;169;976.2;25.1;0.0;9.9;1;65.4;70.6;0;145.3;38;1.7;-3.0;19.0
BAS;201905;14.7;9.7;56.84;70;216;978.1;25.4;-0.2;12.2;0;77.7;69.3;0;178.8;41;2.0;-3.6;25.1
BAS;201906;21.6;15.6;97.63;51;271;979.4;35.9;8.6;20.4;0;86.2;67.0;0;279.8;62;1.5;3.5;24.1
BAS;201907;23.9;15.0;115.33;58;278;978.6;37.4;9.2;21.6;0;84.7;60.9;0;284.1;64;1.7;6.5;14.3
BAS;201908;22.5;16.3;72.18;56;229;980.5;34.3;9.9;20.2;0;108.0;70.7;0;249.9;62;1.4;6.9;25.6
BAS;201909;18.8;12.7;48.40;58;169;982.5;28.9;4.9;16.1;0;57.8;70.5;0;197.1;58;1.6;0.4;21.8
BAS;201910;14.7;12.1;13.43;76;84;979.1;25.6;6.1;12.5;0;110.3;83.7;0;95.0;32;1.7;3.6;41.5
BAS;201911;8.7;8.0;5.04;83;44;969.1;17.2;-0.9;6.3;0;55.1;83.0;0;40.6;17;1.8;-3.8;48.1
BAS;201912;5.7;7.1;4.08;70;38;978.3;15.5;-3.9;4.9;0;50.9;81.1;0;68.8;34;2.7;-8.0;39.5
BAS;202001;3.8;6.4;3.09;55;58;988.0;15.1;-4.5;3.6;0;16.5;80.4;0;114.7;49;2.2;-8.2;45.0
BAS;202002;6.6;7.0;7.65;72;83;982.2;18.3;-4.3;7.6;0;69.8;66.6;0;107.6;40;3.5;-7.1;23.8
BAS;202003;8.6;6.7;34.38;59;147;979.8;19.8;-3.4;7.3;0;47.9;64.8;0;181.7;54;2.7;-9.2;20.6
BAS;202004;13.9;8.0;88.95;36;243;979.0;24.8;-1.5;13.5;0;16.8;53.4;0;293.7;78;1.6;-7.9;16.7
BAS;202005;17.0;10.5;82.57;60;236;981.8;27.9;3.4;14.7;0;73.6;65.7;0;242.3;56;1.6;-1.1;15.6
BAS;202006;20.1;13.9;66.93;64;237;977.0;29.9;8.4;17.8;0;79.1;70.8;0;191.8;43;1.8;3.4;24.8
BAS;202007;23.1;13.6;133.58;49;281;980.5;36.5;9.6;21.3;0;5.6;56.1;0;303.1;68;1.8;4.5;18.9
BAS;202008;23.1;16.2;74.79;58;204;978.0;34.3;10.6;21.1;0;127.9;67.6;0;214.4;54;1.5;7.1;26.6
BAS;202009;19.2;13.9;46.34;52;170;980.1;30.9;5.6;17.0;0;46.2;72.8;0;206.5;60;1.5;2.5;26.8
BAS;202010;12.9;10.5;9.83;82;75;977.3;18.7;3.0;10.6;0;106.6;82.2;0;60.3;20;1.9;-1.0;37.1
BAS;202011;9.3;8.4;8.30;57;63;987.2;22.5;-3.0;6.8;0;18.0;83.2;0;115.9;48;2.2;-6.0;39.2
BAS;202012;5.3;7.0;2.26;84;28;972.2;16.5;-3.6;4.1;0;68.4;84.8;0;25.2;13;2.5;-8.2;43.1
BAS;202101;3.2;5.9;1.72;87;34;975.2;13.8;-6.1;2.2;28;110.2;81.3;3;32.2;14;2.2;-10.3;43.5
BAS;202102;5.7;6.7;7.99;64;82;981.0;19.8;-11.9;5.2;13;33.6;72.7;2;111.1;43;2.5;-17.6;25.7
BAS;202103;7.5;6.3;30.38;63;136;984.9;25.0;-2.4;6.7;0;53.3;66.5;0;161.9;48;2.2;-6.8;11.0
BAS;202104;11.1;6.5;61.93;56;203;980.7;24.8;-2.9;8.5;3;34.1;60.0;0;204.7;54;1.8;-5.8;18.7
BAS;202105;14.3;9.4;54.91;72;202;977.7;28.6;3.2;12.0;0;131.8;69.2;0;161.6;37;2.3;-2.3;21.9
BAS;202106;21.9;16.1;71.29;69;252;980.5;32.3;10.0;19.8;0;125.8;71.7;0;221.1;49;1.6;3.6;27.8
BAS;202107;21.7;16.7;48.11;67;209;979.0;28.7;12.1;18.9;0;195.5;77.9;0;165.8;37;1.6;8.6;37.3
BAS;202108;21.0;15.8;42.80;66;186;980.4;30.9;10.9;18.2;0;46.4;76.4;0;153.9;38;1.5;6.3;34.7
BAS;202109;19.4;14.7;42.62;56;174;982.3;28.0;6.4;17.1;0;44.4;76.9;0;213.3;62;1.2;2.0;28.7
BAS;202110;13.3;10.2;18.35;61;111;982.9;23.9;1.5;10.4;0;46.9;81.3;0;157.1;53;1.6;-2.9;37.7
BAS;202111;7.8;7.4;3.86;84;41;979.6;13.5;-2.1;4.4;0;27.8;87.2;0;39.6;16;1.5;-4.5;49.5
BAS;202112;4.8;7.1;2.99;79;33;979.3;15.9;-3.8;3.9;0;72.1;85.2;0;48.7;24;2.2;-6.5;52.7
BAS;202201;3.7;5.9;2.31;70;50;989.0;18.7;-5.7;2.3;0;20.5;81.5;0;77.9;33;1.9;-9.1;42.5
BAS;202202;5.4;6.5;7.99;64;88;984.6;17.9;-3.3;6.1;0;44.1;69.1;0;115.4;45;3.2;-7.9;30.7
BAS;202203;8.1;5.9;43.06;41;166;984.1;21.7;-4.8;7.9;0;39.3;57.1;0;221.6;66;1.8;-9.6;18.3
BAS;202204;12.2;8.1;56.48;68;198;976.5;23.1;-2.7;10.4;3;87.1;65.2;0;193.4;51;2.1;-4.8;16.9
BAS;202205;19.0;12.5;78.49;63;252;981.1;32.7;5.5;17.0;0;51.7;66.0;0;251.4;58;1.6;0.4;25.8
BAS;202206;22.2;15.4;90.69;53;264;979.5;35.5;9.8;20.6;0;92.4;66.3;0;250.2;56;1.7;4.9;20.4
BAS;202207;24.1;14.3;146.42;36;306;983.1;36.5;10.5;22.3;0;50.1;55.9;0;351.2;79;1.7;7.2;14.7
BAS;202208;23.8;15.5;102.14;51;239;979.2;36.7;12.1;21.9;0;105.1;62.5;0;273.5;68;1.5;8.1;17.2
BAS;202209;18.7;13.4;33.94;64;149;977.5;28.5;4.0;15.2;0;129.4;77.4;0;152.4;45;1.6;0.2;35.1
BAS;202210;15.9;13.9;15.59;70;101;983.5;24.4;6.9;15.0;0;53.2;82.7;0;136.2;46;1.7;2.5;34.4
BAS;202211;10.6;9.2;5.26;82;52;978.6;18.0;1.3;8.3;0;63.8;83.8;0;54.7;23;1.9;-2.5;40.1
BAS;202212;5.9;7.0;2.53;82;32;978.1;16.7;-9.1;3.5;10;58.7;85.4;2;40.8;20;2.0;-13.3;44.0
BAS;202301;5.6;6.8;1.79;87;33;981.4;17.1;-5.9;4.3;2;36.5;80.2;0;36.4;15;2.3;-;45.7
BAS;202302;5.2;6.4;5.81;57;84;989.7;16.7;-6.1;4.7;0;9.9;73.5;0;115.2;45;2.0;-9.7;34.6
BAS;202303;8.4;7.3;20.59;77;120;976.1;23.4;-3.3;8.4;0;71.2;66.4;0;111.2;33;2.5;-6.9;28.5
BAS;202304;11.6;8.6;29.64;81;160;978.5;21.4;-1.8;9.6;0;69.5;72.1;0;112.5;30;2.0;-5.6;28.9
BAS;202305;17.7;12.0;57.35;69;221;980.2;26.9;4.5;15.2;0;53.9;71.3;0;189.0;44;1.6;0.0;22.7
BAS;202306;22.5;13.8;130.81;42;301;978.8;32.7;9.5;21.1;0;74.5;57.0;0;324.2;72;1.6;3.0;16.8
BAS;202307;22.7;15.9;88.28;59;251;978.8;34.9;12.2;21.2;0;73.0;65.0;0;234.4;53;1.8;8.3;26.1
BAS;202308;22.0;16.9;63.48;63;196;978.8;36.4;10.1;21.0;0;104.4;69.7;0;189.1;47;1.8;5.8;24.1
BAS;202309;21.0;15.6;56.92;52;194;980.9;31.7;7.0;19.4;0;38.0;70.6;0;249.8;73;1.3;2.0;31.3
BAS;202310;15.3;11.5;24.96;67;102;976.3;28.7;1.5;14.0;0;67.4;73.7;0;131.3;44;1.7;-2.0;17.0
BAS;202311;9.2;8.3;5.91;82;38;973.7;18.2;-1.8;7.3;0;124.1;79.7;0;39.1;16;2.7;-4.8;45.6
BAS;202312;5.9;7.3;3.55;80;34;980.7;14.0;-7.4;5.2;7;52.8;81.1;1;56.8;28;2.7;-14.1;33.2
BAS;202401;4.7;6.5;2.15;79;44;982.8;14.9;-8.9;3.1;7;75.0;81.3;1;62.7;27;2.5;-10.6;39.8