stn;time;pva200m0;nto000m0;gre000m0;prestam0;tre200mx;tre200mn;tre200m0;ure200m0;su2000m0;sremaxmv;fkl010m0;ure200mn
JUN;200001;1.3;40;83;653.5;-5.6;-24.4;-12.6;55.9;168.2;70;11.7;-
JUN;200002;1.7;64;114;654.2;-2.2;-24.3;-12.3;68.9;118.9;48;12.4;-
JUN;200003;1.7;69;180;652.4;-4.8;-22.0;-11.9;66.1;129.5;38;12.4;-
JUN;200004;2.1;77;202;648.3;1.6;-16.5;-9.1;66.7;124.6;32;14.5;-
JUN;200005;3.7;71;272;658.1;4.7;-12.8;-4.0;79.5;169.2;38;9.9;-
JUN;200006;4.4;62;301;663.5;8.4;-9.2;-0.6;73.8;202.4;45;11.1;-
JUN;200007;3.9;73;257;658.2;6.9;-11.3;-2.8;78.0;150.0;33;10.4;-
JUN;200008;4.5;58;252;664.3;8.7;-6.6;0.7;71.3;212.8;51;8.3;-
JUN;200009;3.7;59;193;659.6;9.7;-10.1;-1.7;69.6;185.8;53;7.6;-
JUN;200010;3.0;70;111;655.8;3.8;-16.0;-5.3;72.2;107.7;38;8.6;-
JUN;200011;2.0;73;71;647.6;0.5;-17.3;-10.7;75.0;82.6;34;8.9;-
JUN;200012;1.8;64;61;649.5;1.7;-24.4;-10.7;65.8;99.3;44;7.9;-
JUN;200101;1.8;61;65;647.0;-3.1;-22.7;-12.6;69.7;115.8;48;6.5;-
JUN;200102;1.5;62;95;649.8;-2.7;-28.1;-13.6;65.4;127.9;54;9.0;-
JUN;200103;2.5;86;105;646.3;-1.5;-22.7;-10.4;84.8;68.3;20;7.3;-
JUN;200104;2.2;78;180;648.7;0.7;-22.4;-11.3;82.4;120.1;31;7.8;-
JUN;200105;4.0;68;241;657.9;4.7;-11.7;-2.9;81.2;200.9;45;7.6;-
JUN;200106;3.4;62;271;659.5;6.7;-14.7;-3.3;70.5;203.8;45;6.9;-
JUN;200107;4.8;67;248;661.7;12.0;-8.3;-0.1;79.3;186.9;41;6.9;-
JUN;200108;4.6;60;239;664.1;11.5;-8.5;1.4;69.9;230.2;55;7.1;-
JUN;200109;3.1;79;158;655.0;2.6;-13.7;-6.5;81.7;95.5;27;7.3;-
JUN;200110;3.1;52;143;662.0;6.6;-10.2;-2.1;60.8;193.7;69;8.3;-
JUN;200111;1.9;58;84;653.7;3.1;-23.0;-9.8;65.8;129.2;54;7.9;-
JUN;200112;1.5;43;68;650.0;-3.2;-30.7;-14.0;65.0;140.5;62;10.1;-
JUN;200201;1.3;37;87;656.7;-2.2;-22.6;-10.4;48.1;181.2;75;9.5;-
JUN;200202;2.0;75;88;651.0;0.8;-24.2;-11.6;76.7;72.5;31;12.1;-
JUN;200203;2.0;54;183;652.4;-2.9;-21.8;-10.8;68.9;200.4;59;11.4;-
JUN;200204;2.2;69;242;650.5;-0.8;-19.8;-10.3;77.5;179.6;47;9.7;-
JUN;200205;3.1;70;244;654.9;3.3;-14.6;-5.5;76.3;178.4;40;11.3;-
JUN;200206;4.5;66;290;662.4;11.8;-10.2;-0.1;72.8;228.3;51;9.1;-
JUN;200207;4.6;66;258;661.0;8.9;-8.2;-0.1;77.5;200.2;44;7.8;-
JUN;200208;4.7;71;216;660.5;6.7;-6.0;-0.6;80.8;167.6;40;5.9;-
JUN;200209;3.5;64;188;658.2;6.1;-14.4;-3.7;73.1;156.9;45;6.2;-
JUN;200210;2.6;66;116;655.3;3.6;-16.4;-5.5;62.6;135.9;48;7.8;-
JUN;200211;2.4;79;58;648.9;-1.2;-20.4;-9.7;77.8;54.8;23;11.4;-
JUN;200212;1.9;64;58;650.3;-2.0;-18.5;-10.7;68.8;92.0;40;6.8;-
JUN;200301;1.4;54;69;646.3;-3.4;-28.4;-14.1;62.8;110.9;46;7.3;-
JUN;200302;1.0;34;141;647.6;-7.4;-27.3;-16.0;54.8;182.8;77;7.2;-
JUN;200303;1.5;43;214;655.9;1.9;-19.5;-9.5;49.6;246.9;73;6.3;-
JUN;200304;1.8;61;245;651.7;1.3;-24.4;-9.6;60.6;215.2;56;7.4;-
JUN;200305;3.6;77;248;659.2;5.5;-16.5;-4.1;77.9;170.6;38;8.0;-
JUN;200306;5.3;66;300;664.9;10.6;-3.0;2.2;74.4;224.0;50;6.3;-
JUN;200307;4.8;67;264;663.4;9.1;-6.3;1.0;72.4;197.4;43;5.9;-
JUN;200308;5.5;57;237;666.5;12.0;-8.1;3.0;73.1;234.0;56;5.0;-
JUN;200309;3.2;55;208;662.0;8.9;-10.5;-1.7;62.1;220.3;62;5.1;-
JUN;200310;2.1;59;124;651.3;5.0;-20.1;-7.3;60.9;150.1;54;6.5;-
JUN;200311;2.4;61;76;654.7;4.5;-16.9;-7.1;67.9;110.6;46;7.3;-
JUN;200312;1.8;63;55;651.4;-2.8;-27.6;-11.2;70.2;104.4;46;8.9;-
JUN;200401;1.7;83;57;644.2;-2.9;-26.2;-13.9;76.0;52.7;22;7.1;-
JUN;200402;1.4;65;117;650.4;0.7;-27.0;-12.4;60.0;142.7;58;6.7;5.4
JUN;200403;1.6;60;186;651.3;2.0;-23.5;-12.0;65.9;160.3;48;5.6;6.0
JUN;200404;2.3;76;216;649.5;2.7;-19.3;-9.3;73.8;144.8;38;5.9;3.3
JUN;200405;2.7;68;276;653.6;3.4;-15.1;-6.3;70.5;189.3;42;3.9;7.4
JUN;200406;4.0;72;269;660.9;7.7;-9.4;-2.0;74.0;167.8;37;4.0;14.4
JUN;200407;4.7;69;240;662.2;7.9;-9.5;-0.1;76.0;166.1;37;4.0;2.6
JUN;200408;5.1;74;212;661.4;9.6;-6.8;0.7;78.2;158.0;38;4.1;5.8
JUN;200409;3.6;59;198;662.8;9.0;-13.1;-0.7;64.5;190.8;54;5.1;2.4
JUN;200410;3.5;79;108;655.5;4.3;-15.6;-3.9;76.6;98.1;35;7.5;8.9
JUN;200411;2.1;67;77;653.2;-2.0;-22.5;-9.7;66.7;108.0;45;10.9;9.8
JUN;200412;1.6;51;67;651.8;1.2;-22.6;-10.4;58.1;132.3;58;8.4;7.6
JUN;200501;1.2;50;80;651.8;0.3;-29.5;-13.2;56.5;148.2;62;8.7;3.2
JUN;200502;1.2;55;122;643.3;0.0;-27.3;-17.8;70.5;127.9;54;6.8;17.3
JUN;200503;1.8;53;206;649.9;3.0;-26.8;-11.6;63.9;206.7;61;6.7;9.1
JUN;200504;2.4;75;226;651.1;3.1;-17.7;-8.7;74.0;159.8;42;7.6;3.2
JUN;200505;3.4;71;272;657.6;8.9;-16.0;-4.3;73.8;191.9;43;6.7;3.5
JUN;200506;4.3;63;296;662.6;11.8;-12.2;-0.4;70.2;224.4;50;5.9;10.5
JUN;200507;5.1;75;238;661.8;12.7;-8.1;0.1;82.3;147.6;32;7.1;12.8
JUN;200508;4.4;64;228;660.8;9.0;-10.6;-1.0;77.5;182.8;44;6.8;11.3
JUN;200509;4.3;60;194;661.2;7.9;-11.3;-1.1;76.1;174.4;50;6.8;5.5
JUN;200510;2.8;49;135;660.6;6.4;-11.2;-2.0;57.5;181.9;65;4.9;8.0
JUN;200511;2.0;51;91;651.3;0.9;-22.9;-10.4;65.6;143.6;60;5.5;11.5
JUN;200512;1.5;56;62;647.0;-4.4;-29.1;-14.0;69.9;113.0;50;8.0;5.9
JUN;200601;1.3;41;85;651.2;-1.2;-26.0;-12.9;57.8;169.2;70;7.7;3.4
JUN;200602;1.5;65;110;644.9;-0.6;-22.9;-14.1;72.8;109.7;46;7.9;3.2
JUN;200603;2.0;70;165;644.8;-0.9;-29.6;-12.8;80.1;126.3;38;7.1;11.4
JUN;200604;2.5;71;234;651.5;-0.8;-19.1;-8.9;78.5;158.3;41;5.9;8.5
JUN;200605;3.6;87;218;657.1;2.9;-15.2;-5.0;84.9;111.1;25;7.2;15.1
JUN;200606;4.2;59;287;663.1;9.7;-16.3;-1.0;71.0;198.4;44;5.4;4.7
JUN;200607;5.7;48;281;667.1;9.7;-2.5;2.8;76.1;240.3;53;4.8;2.8
JUN;200608;4.1;75;206;657.2;2.8;-11.6;-3.4;85.4;108.3;26;5.6;6.8
JUN;200609;4.4;61;198;662.1;8.5;-6.8;0.1;73.2;185.7;54;5.4;3.0
JUN;200610;3.3;59;130;659.3;5.9;-11.4;-2.3;64.1;149.2;54;4.0;5.1
JUN;200611;2.2;54;80;656.8;1.5;-20.9;-7.9;65.5;115.5;48;5.0;2.8
JUN;200612;1.5;37;70;657.8;-0.2;-18.3;-9.3;50.8;147.8;65;5.4;5.7
JUN;200701;2.0;69;67;654.2;-0.4;-25.1;-10.6;72.1;95.6;40;4.9;3.6
JUN;200702;1.7;58;110;649.1;0.3;-17.7;-10.3;63.4;115.2;48;4.0;7.4
JUN;200703;1.6;65;188;649.3;-3.8;-23.2;-12.5;70.2;167.1;50;5.2;4.1
JUN;200704;2.7;45;282;658.2;4.1;-14.8;-5.7;68.2;245.9;67;4.0;7.2
JUN;200705;3.5;76;253;655.0;6.9;-14.1;-4.9;81.9;135.2;34;5.4;9.4
JUN;200706;4.6;71;290;658.7;7.0;-9.9;-1.4;83.1;167.8;40;3.4;11.2
JUN;200707;4.6;69;255;661.1;8.7;-10.5;-1.0;81.0;157.7;38;4.7;9.3
JUN;200708;4.7;69;238;660.7;8.7;-7.7;-0.2;79.4;177.3;47;4.2;6.9
JUN;200709;3.0;48;220;659.7;6.0;-13.5;-4.1;67.6;204.7;59;4.5;6.1
JUN;200710;2.3;45;150;659.1;5.7;-21.7;-4.5;52.9;177.4;64;4.6;2.3
JUN;200711;1.9;56;83;652.2;3.7;-24.4;-10.2;65.5;107.3;45;7.7;4.5
JUN;200712;1.4;50;68;653.3;-0.1;-20.5;-12.6;59.8;134.5;59;7.6;5.1
JUN;200801;1.6;66;76;654.3;1.3;-19.7;-10.3;60.3;113.7;48;7.8;3.5
JUN;200802;1.6;42;137;657.7;0.5;-19.8;-9.5;54.0;171.8;70;5.5;5.3
JUN;200803;1.7;76;174;643.4;-3.3;-25.1;-14.1;76.6;119.1;36;8.4;12.2
JUN;200804;2.1;78;229;647.9;-2.0;-24.4;-11.1;76.6;112.1;31;6.6;12.2
JUN;200805;3.6;78;275;655.8;4.8;-14.1;-4.5;80.9;150.0;37;6.3;5.5
JUN;200806;4.6;65;301;660.6;10.1;-10.8;-0.7;79.9;166.1;40;3.7;6.3
JUN;200807;4.5;63;262;661.8;8.8;-8.6;-0.2;75.2;176.3;43;4.2;4.0
JUN;200808;4.4;62;247;661.8;9.6;-8.0;0.6;69.1;210.3;55;4.0;5.1
JUN;200809;3.1;58;196;658.2;5.4;-14.0;-3.5;63.0;189.2;55;4.7;3.0
JUN;200810;2.9;61;132;657.8;3.3;-16.4;-4.5;67.9;137.7;50;5.1;3.1
JUN;200811;2.2;71;77;650.1;-0.7;-24.2;-10.9;79.4;89.9;38;8.2;5.3
JUN;200812;1.6;69;56;648.8;-5.0;-21.6;-13.4;74.8;74.2;33;8.7;5.0
JUN;200901;1.2;46;85;645.7;-2.0;-22.8;-13.9;55.2;142.7;60;5.1;2.6
JUN;200902;1.4;74;110;644.3;-0.8;-26.5;-16.1;78.3;83.3;35;8.2;15.2
JUN;200903;1.5;71;173;647.8;-2.3;-23.1;-12.8;67.1;122.8;37;9.1;4.3
JUN;200904;2.6;73;235;652.1;-1.6;-15.4;-8.9;82.7;124.9;34;7.6;11.4
JUN;200905;3.5;69;267;660.3;6.4;-12.8;-3.7;74.0;160.7;40;5.9;5.1
JUN;200906;4.0;77;290;659.2;6.4;-10.6;-2.5;78.3;147.6;35;5.7;3.4
JUN;200907;4.5;63;259;662.7;10.2;-9.4;0.2;73.5;160.9;39;4.9;6.8
JUN;200908;4.7;46;259;665.2;9.5;-4.7;2.1;67.2;225.4;59;3.8;3.5
JUN;200909;3.8;50;208;662.4;7.3;-11.1;-1.2;68.6;208.8;60;4.3;5.1
JUN;200910;2.6;57;134;656.7;3.6;-18.7;-6.1;63.6;157.7;57;6.9;5.0
JUN;200911;2.1;67;71;651.2;1.6;-17.0;-8.4;64.7;78.8;33;6.1;3.2
JUN;200912;1.5;71;59;642.4;-5.3;-29.8;-14.7;68.3;64.9;29;6.9;10.6
JUN;201001;1.1;59;78;643.2;-6.4;-29.0;-15.7;62.0;108.7;46;6.3;4.0
JUN;201002;1.3;65;118;639.5;-5.6;-26.5;-15.2;68.0;110.5;46;6.0;4.7
JUN;201003;1.5;75;168;648.9;0.7;-26.6;-13.5;64.8;124.2;37;7.6;2.5
JUN;201004;2.0;65;272;654.0;4.9;-21.0;-9.4;65.0;203.8;56;4.5;6.7
JUN;201005;3.2;82;269;652.7;2.7;-14.3;-6.6;85.0;90.3;22;5.8;9.7
JUN;201006;4.5;71;291;658.8;9.1;-11.4;-1.3;80.0;163.6;39;6.2;6.7
JUN;201007;5.1;66;273;664.5;11.0;-7.5;1.5;75.2;182.5;44;4.8;2.8
JUN;201008;4.5;70;224;661.1;9.1;-12.2;-0.8;78.9;137.8;36;5.1;7.1
JUN;201009;3.2;56;207;658.0;4.8;-12.7;-3.3;67.4;175.1;51;5.6;3.3
JUN;201010;2.5;57;144;654.1;5.1;-17.7;-5.3;61.6;154.6;56;6.4;2.6
JUN;201011;2.0;79;82;645.2;0.9;-25.5;-11.5;73.7;73.9;31;7.3;8.2
JUN;201012;1.6;73;59;643.4;-3.1;-28.1;-15.2;73.0;68.9;30;7.4;7.6
JUN;201101;1.4;46;87;650.0;0.7;-25.5;-12.9;58.6;145.2;61;6.0;3.8
JUN;201102;1.3;56;126;651.1;-0.6;-22.5;-11.9;58.2;127.1;53;6.9;2.4
JUN;201103;1.7;55;195;654.0;-0.4;-17.9;-10.4;62.0;191.5;58;6.8;4.1
JUN;201104;2.2;53;279;656.6;3.3;-19.9;-6.8;59.7;235.3;64;5.3;4.6
JUN;201105;3.3;64;284;660.0;8.2;-15.4;-4.2;72.3;185.5;46;4.4;4.3
JUN;201106;4.5;80;271;660.8;9.6;-10.3;-1.5;82.1;123.8;30;5.5;4.0
JUN;201107;4.2;66;271;658.4;8.0;-12.3;-2.0;77.8;152.0;37;4.7;5.1
JUN;201108;4.7;55;236;663.6;11.6;-8.6;1.4;69.3;191.0;50;5.0;3.3
JUN;201109;3.8;47;205;663.4;8.8;-13.1;0.3;62.9;223.3;65;4.4;3.4
JUN;201110;2.2;43;150;660.2;6.6;-17.2;-3.7;48.6;206.6;75;6.0;2.2
JUN;201111;1.8;42;96;658.6;1.5;-9.9;-5.3;46.2;174.0;73;5.9;2.3
JUN;201112;1.8;80;45;651.0;-0.8;-24.7;-12.4;75.2;54.7;24;9.2;5.6
JUN;201201;1.6;68;65;652.2;-4.0;-23.6;-13.1;74.3;86.1;36;9.9;2.0
JUN;201202;1.2;47;135;649.2;0.8;-28.7;-15.9;61.5;162.0;66;7.1;8.4
JUN;201203;1.6;41;217;659.1;2.3;-23.0;-8.9;53.8;240.7;72;5.2;3.8
JUN;201204;2.3;83;235;645.7;0.6;-20.2;-10.2;80.0;92.1;25;6.3;14.5
JUN;201205;3.2;68;283;657.0;5.1;-18.6;-5.3;76.8;162.4;40;5.8;5.9
JUN;201206;4.4;61;275;660.8;9.3;-9.6;-0.7;75.5;170.9;41;5.5;4.3
JUN;201207;4.7;60;250;662.2;9.2;-8.9;-0.3;78.6;158.0;38;5.5;6.3
JUN;201208;4.7;54;238;665.0;12.8;-9.1;1.8;68.6;191.2;50;4.3;4.2
JUN;201209;3.5;59;200;660.2;7.8;-12.5;-1.6;66.5;173.2;50;6.2;2.4
JUN;201210;2.9;58;134;655.4;5.1;-22.3;-4.6;65.2;143.1;52;5.8;4.9
JUN;201211;1.9;64;86;652.2;3.2;-21.1;-7.3;56.3;119.4;50;5.7;2.1
JUN;201212;1.6;79;53;647.5;-0.9;-24.8;-14.3;74.8;60.0;26;8.8;12.9
JUN;201301;1.4;64;86;647.1;-3.5;-27.7;-13.6;63.5;117.1;49;7.7;3.9
JUN;201302;1.1;68;128;641.9;-7.3;-28.0;-18.8;75.3;102.6;43;7.5;19.9
JUN;201303;1.5;68;176;642.4;-5.7;-28.6;-13.8;71.1;113.1;34;6.6;13.5
JUN;201304;2.5;72;242;652.2;4.6;-17.1;-7.7;72.8;170.0;47;6.2;2.3
JUN;201305;3.1;85;278;650.9;1.0;-17.8;-8.0;89.4;75.6;19;7.2;27.5
JUN;201306;4.0;70;298;660.1;7.6;-11.3;-3.2;80.7;166.7;40;6.1;7.4
JUN;201307;4.7;51;302;665.5;10.8;-4.6;1.7;68.5;237.0;57;3.9;2.4
JUN;201308;4.4;53;254;663.7;11.9;-8.1;0.7;69.8;209.0;55;4.0;3.1
JUN;201309;3.8;67;194;660.2;9.6;-13.6;-1.8;73.1;166.4;48;6.0;2.5
JUN;201310;3.4;72;133;658.5;3.8;-16.8;-4.1;73.4;128.2;46;5.7;2.8
JUN;201311;1.8;63;80;650.1;2.8;-20.7;-10.0;63.3;95.7;40;7.5;2.0
JUN;201312;1.2;39;71;656.4;0.1;-19.5;-9.6;45.6;147.7;65;7.6;3.2
JUN;201401;1.8;74;68;646.6;-3.0;-22.5;-12.3;73.2;66.6;28;7.6;6.5
JUN;201402;1.6;75;108;645.7;-4.1;-20.5;-12.9;70.5;96.7;41;8.4;9.0
JUN;201403;1.3;54;212;652.5;0.5;-21.4;-9.4;48.1;229.8;69;6.3;4.9
JUN;201404;2.5;65;252;652.7;0.2;-18.4;-8.2;73.9;174.6;48;6.1;5.0
JUN;201405;2.9;77;282;655.1;1.6;-14.9;-6.9;77.8;125.7;31;6.6;4.9
JUN;201406;4.0;67;291;660.8;10.4;-8.8;-1.8;75.7;181.6;43;4.0;6.0
JUN;201407;4.9;76;253;660.5;9.0;-7.9;-0.6;84.7;126.5;31;5.3;5.2
JUN;201408;4.3;74;222;659.8;5.6;-8.6;-1.5;77.0;122.5;32;4.6;4.7
JUN;201409;4.0;59;204;661.0;4.5;-10.6;-1.7;74.3;182.2;53;4.3;4.3
JUN;201410;3.2;60;129;659.6;4.5;-17.8;-3.5;68.4;138.5;50;6.5;2.9
JUN;201411;2.9;77;80;652.2;-1.0;-14.9;-7.2;81.6;90.4;38;9.0;7.5
JUN;201412;1.7;64;66;652.3;-2.3;-24.9;-11.9;64.6;88.1;39;8.1;5.0
JUN;201501;1.5;72;70;649.9;-2.3;-24.2;-13.4;64.7;88.1;37;9.5;7.6
JUN;201502;1.3;57;122;646.8;-3.9;-22.7;-14.1;64.7;115.9;49;7.4;2.1
JUN;201503;1.9;64;172;653.0;0.5;-22.8;-10.6;69.3;150.7;45;9.0;3.9
JUN;201504;2.0;62;257;656.0;2.3;-19.7;-8.4;60.9;190.6;52;6.3;3.5
JUN;201505;3.1;74;292;657.5;3.7;-14.9;-4.2;69.8;174.4;43;6.0;2.7
JUN;201506;4.5;67;300;662.8;9.4;-8.7;-1.0;79.4;187.3;45;5.6;3.1
JUN;201507;5.0;46;325;665.6;11.0;-5.8;3.5;62.8;255.0;62;4.8;2.4
JUN;201508;5.1;56;250;663.9;10.1;-4.7;1.9;75.2;200.8;53;4.6;2.7
JUN;201509;3.3;57;196;658.4;4.7;-11.7;-3.8;71.7;171.5;50;6.2;2.4
JUN;201510;2.7;57;140;656.4;4.6;-14.0;-5.4;65.7;157.2;57;6.1;9.8
JUN;201511;2.1;51;93;658.4;3.7;-23.3;-7.0;58.7;147.3;62;8.6;6.6
JUN;201512;1.9;37;74;663.3;2.1;-14.9;-6.2;49.6;157.7;70;5.3;2.2
JUN;201601;1.7;77;65;648.7;-0.7;-27.0;-12.5;70.0;70.3;29;7.9;8.8
JUN;201602;1.7;74;99;647.2;-1.8;-22.0;-12.7;73.9;74.1;30;9.3;7.1
JUN;201603;1.4;50;197;647.3;-4.2;-22.2;-12.8;62.9;188.9;57;6.5;4.8
JUN;201604;2.3;73;231;650.7;2.0;-21.7;-9.0;73.3;124.3;34;7.1;2.5
JUN;201605;3.1;77;280;654.3;3.1;-14.7;-6.3;79.5;139.6;35;6.7;2.1
JUN;201606;4.3;74;299;659.3;9.3;-8.6;-1.9;82.7;138.3;33;4.4;9.6
JUN;201607;4.7;52;292;664.6;9.3;-10.0;1.0;71.6;200.6;48;4.7;5.9
JUN;201608;4.7;55;261;665.6;11.4;-10.2;1.2;72.1;210.1;55;4.4;7.6
JUN;201609;3.9;54;218;663.2;7.6;-8.0;-0.5;68.9;209.6;61;4.9;4.3
JUN;201610;2.3;54;142;657.7;2.1;-15.3;-5.8;57.7;163.9;59;5.5;3.5
JUN;201611;2.2;67;78;651.9;1.0;-20.6;-9.3;69.7;92.8;39;9.0;5.8
JUN;201612;1.2;34;77;661.4;1.1;-20.0;-7.4;38.1;178.8;79;6.6;2.1
JUN;201701;1.3;52;80;649.8;-6.0;-27.8;-15.1;65.1;134.5;56;8.9;11.4
JUN;201702;1.7;61;123;652.0;-3.6;-19.7;-11.1;66.7;118.8;50;7.3;5.7
JUN;201703;2.2;70;177;654.3;1.6;-19.3;-8.7;69.8;150.1;45;8.8;3.8
JUN;201704;2.1;57;262;654.3;-1.0;-21.4;-9.6;69.4;189.2;52;6.9;8.9
JUN;201705;3.2;60;301;658.3;5.9;-15.3;-4.3;71.3;186.9;46;5.1;3.6
JUN;201706;4.9;58;298;662.6;9.5;-10.2;1.2;73.9;185.7;44;4.6;3.2
JUN;201707;5.1;66;247;663.2;9.2;-6.4;0.7;80.1;126.3;30;5.5;4.0
JUN;201708;5.3;64;214;665.1;9.7;-7.1;1.6;76.7;153.6;40;5.2;3.8
JUN;201709;3.4;69;193;657.7;4.6;-12.4;-4.7;77.7;148.0;43;5.1;7.3
JUN;201710;2.6;47;143;661.7;6.3;-14.3;-3.8;58.2;170.3;62;6.5;4.8
JUN;201711;1.8;69;82;651.7;1.5;-23.6;-10.1;65.8;99.3;42;7.2;4.7
JUN;201712;1.5;60;58;648.9;-1.3;-25.7;-13.6;69.2;91.4;40;8.7;10.7
JUN;201801;2.0;69;58;650.3;-2.7;-20.9;-11.2;76.6;82.3;34;10.8;13.2
JUN;201802;1.3;51;117;642.5;-4.5;-28.1;-16.9;70.9;109.6;46;6.1;10.6
JUN;201803;1.7;75;168;641.5;-4.1;-24.2;-12.5;73.3;100.3;30;6.3;7.2
JUN;201804;2.4;64;254;655.0;4.8;-17.9;-5.9;63.9;184.2;50;7.4;4.2
JUN;201805;4.2;81;254;657.3;6.9;-10.9;-3.5;88.7;115.3;29;6.0;41.3
JUN;201806;4.4;57;305;661.2;9.7;-6.8;-0.2;73.5;190.9;46;4.5;4.8
JUN;201807;5.2;57;285;663.5;11.0;-4.2;1.4;77.0;196.2;47;3.6;5.6
JUN;201808;5.4;57;246;664.8;10.8;-11.0;2.0;76.0;204.2;54;3.6;3.7
JUN;201809;4.1;47;219;664.6;10.8;-9.6;0.4;65.9;224.6;65;3.8;4.6
JUN;201810;3.1;58;131;658.6;4.7;-13.6;-3.5;67.6;156.7;57;8.2;4.3
JUN;201811;2.5;70;75;653.4;1.4;-20.0;-8.3;74.5;71.5;30;8.5;3.0
JUN;201812;2.0;62;54;653.9;-1.4;-20.9;-10.9;67.9;87.8;39;9.3;8.6
JUN;201901;1.2;60;79;645.5;-4.2;-24.4;-16.0;67.4;112.0;47;8.2;7.1
JUN;201902;1.2;39;135;657.1;2.3;-21.7;-8.5;42.2;173.6;73;6.0;2.0
JUN;201903;1.4;53;179;653.6;1.4;-22.4;-10.8;57.4;170.3;51;8.8;4.0
JUN;201904;2.2;72;255;650.6;-2.5;-18.4;-9.9;73.9;156.4;43;7.7;2.6
JUN;201905;2.5;70;296;652.8;1.1;-19.7;-7.6;72.5;158.6;39;5.6;4.5
JUN;201906;4.3;57;300;663.5;11.6;-7.2;1.2;68.9;204.7;49;6.5;4.9
JUN;201907;5.2;64;271;663.4;10.0;-6.1;1.6;76.2;176.9;43;4.5;14.7
JUN;201908;5.0;57;231;664.6;9.2;-8.5;1.6;72.1;180.2;47;4.3;9.1
JUN;201909;3.8;53;210;662.4;6.1;-10.8;-1.0;68.2;181.3;52;5.0;8.4
JUN;201910;3.5;67;117;658.5;3.7;-14.1;-3.4;72.8;100.1;36;8.2;7.1
JUN;201911;2.2;77;71;644.9;-1.7;-19.4;-11.1;79.9;56.3;24;8.9;10.5
JUN;201912;1.8;63;58;651.5;0.9;-20.4;-9.5;63.2;105.2;46;9.9;2.4
JUN;202001;1.5;40;86;657.7;-0.4;-22.3;-9.1;50.2;164.3;69;6.7;2.1
JUN;202002;1.9;66;96;653.8;1.4;-22.3;-9.9;64.7;96.5;39;10.3;7.1
JUN;202003;1.7;54;194;650.9;-2.1;-22.0;-10.8;64.1;180.0;54;6.2;2.2
JUN;202004;2.2;42;276;656.1;-0.4;-15.2;-6.1;55.5;235.1;64;4.5;2.1
JUN;202005;3.1;62;293;658.9;3.7;-14.1;-3.9;67.1;186.1;46;6.0;4.1
JUN;202006;4.3;76;290;658.2;5.7;-8.4;-2.2;83.8;121.0;29;4.1;6.5
JUN;202007;4.6;60;292;664.0;7.2;-6.6;1.0;70.4;213.1;51;4.4;7.9
JUN;202008;4.6;60;240;662.9;8.1;-7.4;1.5;67.8;179.6;47;4.1;5.3
JUN;202009;4.1;59;200;661.3;6.6;-16.7;-1.3;74.1;184.5;53;4.0;11.0
JUN;202010;2.6;72;124;654.0;4.3;-16.0;-6.4;67.8;113.6;41;7.0;6.0
JUN;202011;2.1;34;101;660.7;2.5;-16.6;-5.2;50.4;183.2;77;4.2;2.2
JUN;202012;1.7;75;55;645.3;-2.2;-21.5;-12.4;71.2;69.5;31;6.4;7.4
JUN;202101;1.4;72;67;643.7;-7.3;-24.8;-15.7;73.8;85.0;36;9.0;2.3
JUN;202102;1.9;53;124;653.3;-0.4;-20.3;-9.7;63.6;127.0;53;6.6;6.9
JUN;202103;1.5;52;204;653.4;-1.1;-22.2;-12.7;66.8;196.8;59;6.0;7.7
JUN;202104;1.9;56;277;651.4;-2.7;-26.3;-11.6;69.4;198.1;54;4.9;3.5
JUN;202105;2.5;76;272;653.2;0.9;-16.5;-8.3;77.4;121.9;30;6.6;9.7
JUN;202106;5.0;69;300;663.0;8.1;-5.9;0.3;81.5;166.6;40;4.5;8.2
JUN;202107;4.7;64;265;661.8;6.0;-6.9;0.5;75.6;161.2;39;5.3;13.5
JUN;202108;4.4;54;257;661.9;7.8;-8.1;-0.7;76.8;187.3;49;4.7;13.4
JUN;202109;4.1;55;208;663.2;4.2;-7.3;-0.8;72.0;207.0;60;3.2;6.4
JUN;202110;2.4;47;143;658.9;4.4;-13.8;-5.0;56.0;170.0;62;7.1;3.8
JUN;202111;2.2;61;85;651.5;-0.6;-23.5;-9.8;73.9;109.4;46;6.4;3.9
JUN;202112;1.8;55;64;650.9;-0.5;-23.3;-10.8;65.8;100.4;44;7.4;3.8
JUN;202201;1.3;34;88;656.0;-0.7;-23.2;-11.0;50.6;157.2;66;7.8;5.8
JUN;202202;1.5;55;119;653.3;-1.0;-22.4;-11.9;60.9;121.1;51;9.0;2.4
JUN;202203;1.4;40;214;655.1;-2.8;-19.4;-10.5;47.3;241.4;73;5.4;2.2
JUN;202204;2.1;62;253;650.8;0.4;-21.2;-9.0;67.7;189.8;52;5.4;4.7
JUN;202205;3.8;67;292;660.4;4.7;-12.7;-2.8;76.6;193.5;48;4.0;10.8
JUN;202206;5.0;75;242;663.4;9.1;-10.0;0.8;76.1;133.5;32;5.9;7.7
JUN;202207;4.9;48;310;666.8;9.9;-4.5;2.5;67.5;245.0;59;4.5;5.5
JUN;202208;5.3;62;249;663.9;7.2;-3.6;1.3;78.4;194.1;51;3.9;12.4
JUN;202209;3.6;72;186;657.5;5.9;-12.8;-3.6;75.3;137.6;40;5.1;2.7
JUN;202210;3.8;69;129;663.9;4.3;-8.1;-2.0;72.6;134.4;49;5.3;11.1
JUN;202211;2.0;66;82;653.2;1.3;-17.7;-8.6;64.5;103.3;43;5.5;6.0
JUN;202212;2.1;71;53;650.1;0.1;-24.8;-10.6;70.4;88.6;39;7.0;3.2
JUN;202301;1.4;62;74;649.8;-2.4;-25.8;-13.3;62.1;97.2;41;7.1;6.5
JUN;202302;1.5;40;141;657.2;-0.8;-24.2;-10.6;57.0;178.2;75;6.3;4.5
JUN;202303;2.1;75;158;649.6;-1.8;-22.3;-10.7;74.5;135.7;41;7.9;8.6
JUN;202304;2.2;76;245;651.0;-2.5;-18.5;-11.0;79.2;132.1;36;6.2;21.1
JUN;202305;3.7;81;299;657.5;1.1;-10.9;-4.7;86.2;139.6;35;5.2;11.5
JUN;202306;4.8;70;300;662.0;6.9;-6.1;-0.3;80.9;177.6;42;4.0;8.5
JUN;202307;5.0;69;250;663.5;9.5;-8.3;1.4;74.1;152.3;37;5.0;15.3
JUN;202308;5.4;73;225;663.5;9.6;-10.0;1.0;81.3;141.6;37;5.1;26.4
JUN;202309;4.0;58;214;664.9;11.6;-10.0;2.1;60.1;218.1;63;4.3;3.6
JUN;202310;3.1;73;126;658.1;6.9;-12.0;-2.6;63.4;144.2;52;6.4;4.1
JUN;202311;2.3;84;59;647.7;0.0;-22.6;-11.2;82.0;51.3;21;9.2;15.0
JUN;202312;2.1;70;58;652.7;-1.4;-22.4;-10.2;72.7;90.1;40;8.6;15.5
JUN;202401;1.8;64;73;652.9;-0.7;-23.0;-10.8;66.4;103.7;43;7.9;11.1