stn;time;pva200m0;nto000m0;gre000m0;prestam0;tre200mx;tre200mn;tre200m0;rre150m0;ure200m0;su2000m0;sremaxmv;fkl010m0;hns000m0;ure200mn
GSB;200001;2.1;32;57;753.4;2.9;-17.5;-7.4;93.3;58.7;63.8;56;4.7;-;-
GSB;200002;2.7;54;117;754.4;4.1;-16.3;-5.7;323.9;66.7;99.8;46;5.8;-;-
GSB;200003;3.0;63;175;751.8;2.1;-14.8;-5.0;183.8;71.7;126.9;40;5.5;-;-
GSB;200004;4.3;80;187;746.2;6.1;-9.5;-2.7;304.7;84.3;74.4;21;6.4;-;-
GSB;200005;6.2;68;225;755.4;9.9;-4.9;2.8;117.0;83.0;139.3;35;3.9;-;-
GSB;200006;7.4;62;255;760.1;15.2;-1.7;6.9;133.3;76.2;196.4;50;5.2;-;-
GSB;200007;7.0;68;224;755.0;16.9;-3.3;5.4;218.3;79.3;166.9;42;5.8;-;-
GSB;200008;8.0;57;210;760.4;19.0;0.7;8.9;123.5;72.6;195.8;51;4.8;-;-
GSB;200009;6.4;51;175;756.0;15.1;-2.6;5.6;225.9;71.9;190.5;59;5.4;-;-
GSB;200010;5.2;70;94;753.4;6.6;-7.2;0.3;430.6;83.7;83.6;32;5.1;-;-
GSB;200011;3.4;70;60;746.1;5.0;-11.7;-5.1;374.9;80.4;44.5;30;5.0;-;-
GSB;200012;3.1;58;38;748.3;4.8;-16.7;-5.4;201.8;73.8;14.1;25;4.2;-;-
GSB;200101;2.6;63;58;746.2;0.0;-15.5;-7.9;164.4;74.0;45.2;40;4.5;-;-
GSB;200102;2.6;55;111;749.7;3.0;-18.1;-7.1;96.2;70.8;97.0;47;5.7;-;-
GSB;200103;4.0;82;159;744.8;6.8;-15.2;-3.5;440.8;83.9;47.9;15;4.0;-;-
GSB;200104;3.6;77;233;747.7;3.9;-13.6;-4.9;266.7;83.8;91.6;26;5.8;-;-
GSB;200105;6.2;71;250;754.8;14.2;-3.6;2.9;158.6;83.9;162.4;41;4.0;-;-
GSB;200106;6.0;52;288;756.7;17.3;-7.3;4.4;292.6;73.4;225.8;57;5.1;-;-
GSB;200107;8.1;62;237;757.8;17.0;-2.2;7.7;166.5;77.4;200.8;50;5.5;-;-
GSB;200108;8.4;53;225;759.9;18.8;-0.3;9.3;88.0;73.1;222.1;58;4.5;-;-
GSB;200109;5.3;77;144;752.8;11.4;-6.7;0.7;192.1;84.1;119.3;37;5.8;-;-
GSB;200110;6.0;51;109;759.1;13.3;-2.8;4.1;82.7;74.6;144.9;55;4.6;-;-
GSB;200111;3.2;58;64;752.5;7.3;-15.0;-4.0;158.6;71.1;70.6;48;4.9;-;-
GSB;200112;2.1;38;36;750.2;3.0;-19.1;-7.9;111.7;56.3;36.2;65;4.1;-;-
GSB;200201;1.8;29;55;756.3;5.8;-17.5;-5.1;78.6;42.8;79.0;70;3.0;-;-
GSB;200202;3.0;67;102;750.7;2.6;-15.9;-5.5;349.9;73.0;76.2;37;4.8;-;-
GSB;200203;3.2;60;182;751.6;4.2;-12.9;-4.4;254.4;69.1;173.8;55;4.8;-;-
GSB;200204;3.9;70;236;749.0;5.3;-11.0;-3.2;121.0;79.4;162.7;46;4.6;-;-
GSB;200205;5.5;78;231;752.3;9.3;-7.5;0.6;415.3;86.2;133.0;33;4.9;-;-
GSB;200206;7.5;62;262;758.5;19.1;-2.3;7.9;202.8;72.7;211.4;54;3.5;-;-
GSB;200207;8.1;66;226;757.1;15.5;0.1;7.4;164.2;79.9;182.6;46;5.0;-;-
GSB;200208;8.2;72;176;756.5;14.6;-1.2;6.6;244.9;84.9;148.3;39;4.5;-;-
GSB;200209;6.5;74;133;755.1;10.6;-6.9;2.8;167.4;86.0;115.4;36;4.8;-;-
GSB;200210;4.7;63;111;753.0;9.1;-8.6;0.9;164.1;73.2;127.3;48;5.4;-;-
GSB;200211;4.2;83;54;747.2;5.8;-11.3;-3.5;731.7;87.0;28.8;19;7.4;-;-
GSB;200212;3.3;67;45;749.1;3.8;-14.7;-5.2;195.2;76.9;10.9;19;5.7;-;-
GSB;200301;2.1;52;55;746.0;1.6;-20.7;-9.2;251.8;64.6;44.9;40;6.3;-;-
GSB;200302;1.5;36;129;748.0;-2.4;-22.0;-10.6;129.7;54.8;143.2;69;5.4;-;-
GSB;200303;2.7;42;210;754.9;5.1;-11.7;-3.4;78.6;55.4;242.6;77;4.7;-;-
GSB;200304;3.9;71;237;750.2;5.1;-16.7;-3.2;211.8;77.4;174.0;49;6.6;-;-
GSB;200305;5.9;74;229;756.7;12.2;-8.1;2.7;84.9;78.3;160.3;40;6.5;-;-
GSB;200306;8.5;63;274;760.4;19.0;3.1;10.6;94.0;68.3;233.8;60;5.8;-;-
GSB;200307;8.4;55;267;759.3;17.6;0.0;9.2;89.5;73.4;250.6;63;5.8;-;-
GSB;200308;8.4;54;223;761.9;21.6;-0.8;11.8;87.9;62.6;228.6;60;4.1;-;-
GSB;200309;6.1;60;171;758.8;14.8;-2.3;4.8;74.5;73.8;179.3;56;5.7;-;-
GSB;200310;4.1;66;113;749.3;10.3;-14.8;-2.1;341.2;77.4;120.4;46;6.1;-;-
GSB;200311;3.8;54;65;752.7;6.7;-8.8;-1.9;215.2;73.4;79.8;54;5.8;-;-
GSB;200312;2.6;55;37;750.7;4.9;-17.5;-6.2;286.3;68.1;24.2;43;6.3;-;-
GSB;200401;2.6;70;58;744.0;0.7;-18.6;-8.0;460.4;73.6;37.3;33;6.7;-;-
GSB;200402;2.2;52;120;750.1;6.9;-19.1;-6.5;130.5;62.1;127.8;59;6.3;-;7.3
GSB;200403;2.6;62;185;751.0;6.4;-19.4;-6.7;90.1;71.4;157.0;50;5.8;-;10.4
GSB;200404;3.8;78;215;747.9;6.3;-13.2;-3.5;229.3;79.9;127.3;36;5.9;-;22.0
GSB;200405;5.0;61;282;751.2;9.7;-9.3;0.2;172.9;81.2;207.6;52;4.9;-;30.9
GSB;200406;6.5;64;273;758.0;15.9;-2.2;5.7;111.2;73.7;207.9;53;5.2;-;21.3
GSB;200407;7.9;63;230;758.6;18.1;-1.9;7.2;97.6;78.7;199.0;50;6.0;-;13.9
GSB;200408;8.5;72;177;757.4;15.9;-0.4;7.9;195.7;80.6;156.2;41;6.1;-;17.6
GSB;200409;7.3;61;192;759.6;14.4;-5.3;5.7;57.4;79.4;199.3;62;6.2;-;9.2
GSB;200410;5.9;80;96;752.7;11.9;-7.9;2.0;246.0;83.3;80.8;31;5.3;-;16.2
GSB;200411;3.4;57;63;752.1;4.9;-14.5;-3.8;196.4;72.3;65.2;44;6.3;-;18.6
GSB;200412;2.7;47;39;750.9;2.2;-15.1;-5.7;159.1;68.5;26.6;48;5.5;-;12.3
GSB;200501;2.0;44;62;752.0;2.6;-22.0;-7.6;301.8;60.4;59.5;53;6.1;-;6.7
GSB;200502;1.8;51;127;744.1;-1.1;-19.9;-12.1;164.3;74.9;98.0;47;6.4;-;18.1
GSB;200503;3.1;58;197;749.1;5.8;-21.5;-5.6;79.3;71.9;169.1;54;5.1;-;17.2
GSB;200504;4.1;78;230;749.5;8.8;-12.3;-2.9;392.5;83.2;126.9;36;5.7;-;35.6
GSB;200505;5.7;67;268;755.1;14.1;-5.6;2.2;135.2;80.0;191.5;48;5.5;-;16.4
GSB;200506;7.7;58;297;759.0;18.3;-2.9;7.5;86.9;73.6;242.1;62;5.8;-;25.4
GSB;200507;8.3;73;223;758.0;19.1;-1.6;7.5;112.8;80.3;152.9;38;6.0;-;20.4
GSB;200508;7.6;71;202;757.3;14.6;-2.5;5.9;268.3;82.2;168.1;44;6.4;-;23.4
GSB;200509;7.4;75;149;757.7;14.4;-4.1;5.1;109.7;84.5;131.0;41;5.6;-;15.1
GSB;200510;5.4;56;108;757.4;10.4;-4.3;2.4;126.9;76.6;118.5;44;3.9;-;19.0
GSB;200511;3.3;43;64;749.4;9.0;-15.9;-5.0;52.6;68.5;82.6;56;4.2;-;15.2
GSB;200512;2.1;49;40;745.7;0.5;-21.6;-8.7;222.9;66.1;28.3;48;5.5;-;8.6
GSB;200601;2.0;46;53;750.0;2.2;-17.9;-8.6;79.1;61.1;60.1;52;5.3;-;8.9
GSB;200602;2.2;55;113;743.4;1.5;-16.3;-8.4;129.5;70.5;103.7;50;5.0;-;10.6
GSB;200603;3.1;71;193;743.2;5.4;-21.2;-7.0;410.5;79.5;142.7;45;4.8;-;15.2
GSB;200604;4.0;72;246;748.9;5.8;-11.6;-2.6;191.9;79.2;149.5;42;4.6;-;14.2
GSB;200605;5.5;79;239;754.0;9.9;-9.1;1.2;253.5;82.2;117.1;29;4.9;-;19.2
GSB;200606;7.2;61;297;758.8;15.7;-8.5;6.5;91.5;73.6;244.2;62;4.8;-;31.0
GSB;200607;9.2;57;264;761.6;18.1;3.4;11.2;59.6;70.8;245.8;61;4.2;-;22.5
GSB;200608;6.9;77;172;752.9;12.5;-3.4;3.8;252.6;86.1;131.5;35;5.8;30;16.3
GSB;200609;8.0;71;141;757.1;16.8;-0.4;6.8;171.1;82.4;137.8;43;4.8;9;22.5
GSB;200610;5.5;62;109;755.1;11.4;-3.3;3.5;113.6;71.9;137.7;53;4.7;12;9.9
GSB;200611;3.7;50;60;754.4;7.9;-12.3;-1.8;107.0;69.4;75.3;51;5.8;47;4.6
GSB;200612;2.6;35;36;755.9;3.5;-12.1;-4.1;184.6;58.0;32.6;55;4.5;66;7.7
GSB;200701;3.1;50;59;752.9;6.3;-19.4;-4.3;252.1;70.0;58.8;51;5.2;103;7.6
GSB;200702;2.9;56;111;746.9;3.3;-10.3;-4.6;243.4;69.8;96.0;46;4.6;84;9.8
GSB;200703;3.2;69;175;747.6;2.8;-14.9;-5.7;157.3;79.6;129.1;41;5.2;189;23.0
GSB;200704;4.8;50;255;754.8;9.9;-7.3;1.6;13.5;71.1;229.1;64;3.8;-;31.4
GSB;200705;5.7;79;218;751.2;13.5;-8.1;2.2;341.6;80.6;140.5;35;5.6;132;16.9
GSB;200706;7.4;79;224;754.1;14.5;-3.1;5.9;250.9;80.2;144.0;37;4.2;26;27.5
GSB;200707;7.9;62;254;756.7;16.4;-2.9;7.3;236.0;77.8;214.5;54;4.7;14;20.9
GSB;200708;7.9;72;196;755.8;16.9;-2.6;7.1;284.4;80.0;171.9;45;3.7;23;26.9
GSB;200709;6.0;55;202;755.9;11.1;-5.0;3.5;86.5;76.3;215.6;67;5.2;26;7.5
GSB;200710;4.9;53;122;755.4;12.5;-11.7;1.2;55.3;71.2;168.5;64;4.4;9;12.8
GSB;200711;3.0;50;67;750.0;8.2;-17.7;-4.6;196.2;70.8;78.7;53;6.3;85;13.9
GSB;200712;2.4;47;41;752.2;3.5;-14.2;-6.6;396.1;62.6;30.5;52;4.8;130;8.6
GSB;200801;2.6;61;56;752.6;5.7;-14.7;-4.8;316.5;65.6;60.6;53;5.3;126;5.1
GSB;200802;2.5;31;133;755.9;4.7;-13.6;-4.0;57.7;55.5;157.3;73;4.1;32;7.3
GSB;200803;2.9;77;186;741.9;4.1;-18.5;-6.9;282.6;79.6;138.0;44;5.4;192;11.2
GSB;200804;3.9;73;227;745.5;4.9;-15.1;-4.3;249.9;86.0;128.0;36;5.8;118;11.8
GSB;200805;5.9;77;205;752.1;7.3;-6.9;2.0;183.4;83.7;144.3;36;4.7;9;36.4
GSB;200806;7.7;72;243;755.9;17.2;-2.8;6.0;155.5;83.4;180.1;46;4.2;36;30.1
GSB;200807;7.8;64;254;756.9;16.1;-1.8;7.7;163.2;75.2;213.9;53;4.4;16;20.6
GSB;200808;8.1;66;232;756.7;17.4;-0.6;8.3;113.0;74.8;229.1;60;4.1;0;15.5
GSB;200809;6.3;67;159;754.1;15.5;-5.0;3.5;147.1;79.4;159.1;50;4.3;6;9.6
GSB;200810;5.6;65;112;754.3;11.6;-10.0;1.6;158.3;80.8;128.2;49;4.0;58;24.9
GSB;200811;3.6;66;62;747.8;1.7;-16.8;-5.3;307.8;84.8;49.1;33;5.4;144;27.5
GSB;200812;2.6;63;42;747.2;2.1;-16.8;-7.6;184.4;75.5;18.9;32;6.0;170;5.8
GSB;200901;2.0;44;58;743.6;-1.0;-15.8;-8.5;99.0;64.0;68.7;60;4.2;60;11.1
GSB;200902;2.4;70;114;743.3;1.2;-18.8;-9.7;239.9;80.1;73.3;35;6.9;129;12.1
GSB;200903;2.8;65;185;746.0;2.5;-13.4;-6.2;366.2;74.3;152.6;48;7.0;116;7.5
GSB;200904;4.6;79;207;749.1;3.6;-7.8;-2.0;131.1;87.0;101.5;29;5.0;91;43.0
GSB;200905;6.0;67;253;756.8;14.2;-5.3;3.4;94.6;78.4;176.1;44;4.3;12;4.9
GSB;200906;6.9;71;287;754.9;16.3;-3.3;5.6;62.9;76.4;210.9;54;5.1;1;15.4
GSB;200907;8.4;62;266;757.9;18.2;-1.5;8.3;123.3;77.2;229.6;57;4.5;13;21.0
GSB;200908;8.6;51;246;759.8;18.4;1.6;10.1;51.7;71.6;246.0;65;3.9;0;11.9
GSB;200909;7.2;62;168;757.8;15.2;-3.0;6.0;63.6;77.8;175.3;55;4.1;4;17.4
GSB;200910;4.5;49;125;753.2;13.9;-11.2;0.9;79.4;69.0;165.4;63;5.4;17;5.4
GSB;200911;3.8;66;66;748.3;7.8;-11.0;-2.4;233.9;74.9;46.3;31;4.5;96;10.2
GSB;200912;2.7;69;43;740.4;0.9;-22.1;-8.3;265.8;75.3;14.5;25;4.9;196;12.1
GSB;201001;1.8;59;64;741.6;-1.2;-20.6;-9.7;144.4;62.4;50.3;44;4.3;153;8.4
GSB;201002;2.3;71;108;737.5;-1.8;-20.0;-10.0;258.4;77.8;74.6;36;4.9;261;12.5
GSB;201003;2.9;74;178;747.4;2.0;-18.6;-7.0;151.0;74.6;132.7;42;5.3;107;6.9
GSB;201004;4.1;70;261;751.4;7.2;-12.8;-2.2;75.6;77.5;195.0;55;3.9;77;17.6
GSB;201005;5.3;78;255;749.1;11.1;-6.6;-0.2;393.9;88.6;126.5;32;4.7;137;32.3
GSB;201006;7.6;80;224;753.9;13.6;-4.3;5.0;113.4;87.4;152.3;39;5.3;13;30.5
GSB;201007;9.1;64;261;759.2;19.3;-0.3;9.5;182.8;77.2;224.9;56;4.7;0;16.5
GSB;201008;7.7;68;197;756.4;18.9;-3.0;7.0;132.8;78.1;174.8;46;4.2;20;18.6
GSB;201009;5.8;60;189;753.7;13.4;-5.3;4.0;107.0;73.7;197.4;61;5.0;18;15.3
GSB;201010;5.0;67;107;750.2;9.4;-10.6;-0.1;222.1;79.0;124.2;47;5.8;106;9.2
GSB;201011;3.5;74;61;742.4;5.5;-19.1;-5.5;299.5;81.3;43.4;29;5.1;232;18.4
GSB;201012;2.3;65;43;741.8;0.6;-20.0;-9.7;243.9;68.6;16.6;28;5.9;274;6.8
GSB;201101;2.4;50;56;748.4;3.5;-19.5;-7.5;49.6;63.5;63.1;55;4.6;88;6.4
GSB;201102;2.4;47;116;749.0;5.5;-13.6;-5.5;95.4;61.7;104.3;50;5.0;87;6.0
GSB;201103;3.4;52;183;751.7;2.8;-13.8;-4.5;168.4;76.6;166.3;53;4.7;115;18.7
GSB;201104;4.5;58;244;753.3;9.4;-10.1;0.3;65.4;73.4;210.2;59;4.7;35;16.8
GSB;201105;5.8;66;270;756.1;12.7;-5.7;3.5;204.3;75.2;224.0;56;4.6;26;14.6
GSB;201106;7.3;79;227;756.2;17.6;-5.3;5.6;238.4;82.1;153.3;39;4.5;1;12.8
GSB;201107;7.3;75;211;753.6;15.9;-2.7;5.5;159.9;81.5;159.4;40;5.0;4;18.2
GSB;201108;8.3;59;235;758.2;20.5;-1.3;9.6;86.5;70.0;227.6;60;4.1;0;14.0
GSB;201109;7.5;62;180;758.5;15.5;-4.8;7.4;116.9;73.0;196.3;61;3.9;9;12.1
GSB;201110;4.4;38;139;756.5;13.0;-8.9;1.7;234.8;65.0;191.8;73;5.2;97;8.1
GSB;201111;3.6;35;64;755.2;4.3;-5.9;-1.1;175.0;63.3;94.0;64;4.7;89;10.6
GSB;201112;3.1;72;41;749.9;2.4;-16.3;-5.9;649.2;78.8;17.8;30;5.7;422;8.9
GSB;201201;2.6;57;59;751.4;2.1;-16.8;-6.6;436.4;69.0;49.8;43;5.7;269;5.2
GSB;201202;1.8;40;134;748.0;6.5;-25.2;-10.6;91.5;58.4;148.2;69;5.8;51;9.5
GSB;201203;3.2;47;205;756.8;4.8;-13.9;-2.4;68.9;63.9;228.0;72;4.6;62;11.4
GSB;201204;4.1;86;212;742.5;6.4;-11.1;-3.7;310.2;87.3;83.5;23;5.3;307;29.9
GSB;201205;5.6;65;278;753.1;12.1;-9.4;1.9;121.7;80.0;182.9;46;4.6;79;9.0
GSB;201206;7.8;75;243;756.0;17.1;-2.2;7.0;144.9;78.6;180.0;46;4.1;7;13.5
GSB;201207;7.6;65;258;757.2;19.3;-2.0;8.3;133.3;71.4;222.3;56;4.4;3;19.4
GSB;201208;8.4;60;228;759.6;21.6;-2.0;10.2;190.9;69.3;227.4;60;4.0;7;15.4
GSB;201209;6.7;68;164;755.5;14.2;-4.2;5.1;132.4;75.9;165.2;51;4.7;2;4.5
GSB;201210;5.2;66;102;750.9;12.1;-14.0;1.7;99.9;75.0;112.9;43;4.1;38;8.7
GSB;201211;3.6;59;69;748.7;4.9;-14.2;-2.6;264.1;73.7;71.3;48;4.6;216;8.2
GSB;201212;2.7;74;45;746.5;5.0;-17.4;-7.9;460.4;77.1;13.8;24;5.3;460;6.7
GSB;201301;2.2;55;60;745.1;3.4;-19.7;-7.5;138.4;62.5;53.0;46;5.3;119;6.2
GSB;201302;1.9;71;117;741.1;-1.4;-20.4;-11.7;154.8;71.1;75.2;36;5.2;229;12.0
GSB;201303;2.8;72;185;740.0;0.7;-19.3;-7.2;127.1;76.1;125.7;40;5.0;228;17.5
GSB;201304;4.5;71;227;749.2;7.0;-11.6;-1.8;230.2;83.6;150.2;42;4.6;161;20.7
GSB;201305;4.9;82;245;747.9;6.0;-9.3;-1.6;275.2;89.5;90.1;23;5.7;198;34.7
GSB;201306;6.9;71;264;756.2;15.1;-2.8;4.1;148.7;83.6;174.6;44;5.0;12;37.5
GSB;201307;8.8;59;271;760.4;17.4;2.7;9.4;135.6;75.5;241.4;60;3.7;0;32.3
GSB;201308;8.6;59;225;758.8;19.0;0.5;8.4;87.5;78.8;217.6;57;4.2;0;11.8
GSB;201309;6.6;66;173;755.8;16.3;-4.6;5.6;102.2;74.3;172.2;54;4.7;19;15.9
GSB;201310;5.9;74;95;755.0;11.6;-8.2;1.9;164.6;84.4;87.1;33;4.8;90;15.4
GSB;201311;3.4;63;62;747.4;6.1;-16.5;-4.8;181.5;76.1;45.9;31;5.3;188;13.4
GSB;201312;2.3;36;35;754.5;3.4;-12.3;-4.0;110.4;53.4;37.5;64;5.3;112;5.2
GSB;201401;3.0;67;57;744.4;2.8;-15.4;-6.2;165.0;78.2;36.6;32;5.2;279;7.7
GSB;201402;2.9;75;103;743.9;0.1;-11.6;-7.6;250.0;84.0;63.0;30;6.3;340;10.6
GSB;201403;3.0;54;203;749.8;5.8;-14.0;-3.8;123.2;66.5;202.4;64;5.7;113;9.5
GSB;201404;4.4;71;234;749.6;8.3;-9.6;-1.0;235.8;78.2;175.5;49;5.6;149;10.0
GSB;201405;5.1;78;248;752.0;8.9;-7.2;0.1;189.1;83.7;139.3;35;6.1;92;16.2
GSB;201406;7.1;71;256;756.4;17.3;-1.3;6.4;47.6;75.3;197.9;50;4.3;1;20.9
GSB;201407;8.4;82;174;755.6;16.6;-1.8;6.5;246.3;87.3;119.2;30;5.7;6;18.9
GSB;201408;7.8;74;207;755.3;13.8;-1.3;6.4;117.3;80.5;175.2;46;4.3;2;21.8
GSB;201409;7.4;64;171;756.6;12.6;-2.0;5.4;53.1;82.1;175.9;55;5.0;2;13.0
GSB;201410;6.0;61;99;755.9;12.3;-9.2;3.0;187.1;77.8;120.9;46;5.6;37;13.1
GSB;201411;4.7;72;56;748.8;7.2;-8.1;-1.1;444.5;83.8;50.8;35;6.0;282;8.5
GSB;201412;3.0;64;39;750.8;5.8;-17.2;-5.5;126.2;73.1;19.0;32;5.9;134;5.8
GSB;201501;2.6;63;54;749.0;2.6;-15.5;-6.8;320.9;70.4;33.8;29;6.7;202;4.5
GSB;201502;2.3;59;110;745.0;0.7;-16.7;-8.3;147.9;70.1;88.8;43;5.6;180;7.9
GSB;201503;3.3;70;164;751.3;2.7;-14.2;-4.4;330.0;75.0;130.1;41;6.7;175;4.8
GSB;201504;4.1;61;255;753.7;7.3;-13.8;-1.4;119.4;73.8;188.0;53;5.5;81;11.9
GSB;201505;5.5;69;246;753.9;13.6;-6.7;2.5;219.8;77.2;173.5;44;5.5;62;16.3
GSB;201506;7.5;69;256;758.5;17.3;-0.7;6.9;144.3;76.7;202.5;52;5.1;0;21.1
GSB;201507;9.0;57;297;760.0;21.3;1.3;11.9;86.2;66.6;282.3;71;4.3;0;10.6
GSB;201508;9.0;58;209;758.6;19.4;-0.2;9.0;204.6;79.9;205.9;54;4.9;6;28.3
GSB;201509;6.4;73;160;754.5;11.5;-4.9;2.9;114.7;84.5;157.9;49;6.6;10;21.2
GSB;201510;4.9;58;109;752.9;9.1;-8.2;0.5;182.9;78.1;123.0;47;5.5;66;22.8
GSB;201511;3.3;42;76;756.1;11.9;-15.4;-0.4;221.9;56.9;107.7;73;5.2;85;9.1
GSB;201512;3.0;29;37;761.2;5.4;-6.8;-0.8;12.9;52.9;41.2;70;3.7;20;8.2
GSB;201601;2.8;63;60;747.6;4.5;-16.8;-6.0;425.9;70.4;46.8;41;4.4;418;7.5
GSB;201602;3.0;77;101;745.8;6.9;-15.4;-6.1;280.7;79.6;48.2;22;5.6;345;7.2
GSB;201603;2.8;60;187;745.3;1.6;-16.5;-6.7;117.8;74.5;152.0;48;5.3;126;17.7
GSB;201604;4.3;78;217;747.8;6.3;-11.9;-2.6;247.6;84.1;111.8;31;6.5;152;12.1
GSB;201605;5.3;82;247;750.7;9.4;-7.6;0.1;279.9;84.2;122.5;31;6.0;134;11.5
GSB;201606;7.0;74;249;754.8;17.5;-1.9;5.4;101.6;79.1;152.5;39;4.1;3;23.8
GSB;201607;8.1;54;275;759.6;18.0;-2.4;9.2;116.7;70.4;248.6;62;4.5;3;14.2
GSB;201608;8.2;51;246;760.5;18.5;-1.5;9.1;55.0;72.1;244.6;64;4.8;0;28.7
GSB;201609;7.4;64;173;758.4;14.7;-0.6;6.3;101.6;78.8;184.6;57;5.1;2;26.9
GSB;201610;4.3;57;121;754.4;9.6;-7.4;0.2;109.4;72.4;148.8;57;4.8;73;14.4
GSB;201611;3.6;57;69;749.4;6.4;-13.8;-3.8;348.0;75.7;72.0;49;5.6;286;10.6
GSB;201612;2.5;29;34;759.2;5.7;-12.4;-2.9;26.0;51.9;43.5;74;5.1;36;13.5
GSB;201701;2.0;50;54;749.0;-0.1;-21.8;-9.1;161.0;65.6;52.4;46;6.2;150;12.4
GSB;201702;3.1;63;108;749.9;3.1;-12.6;-5.4;202.0;76.7;89.6;43;5.9;157;14.6
GSB;201703;4.0;68;183;751.8;5.6;-12.1;-2.1;330.4;77.3;153.6;49;6.0;173;18.9
GSB;201704;3.8;57;263;751.7;6.3;-14.0;-2.4;170.4;74.3;206.3;58;6.0;117;28.6
GSB;201705;5.8;69;282;754.4;13.5;-8.6;2.3;187.6;80.1;211.4;53;4.8;78;23.9
GSB;201706;8.2;59;277;757.5;18.1;-3.3;8.9;92.7;71.9;223.5;57;4.4;0;9.9
GSB;201707;8.4;73;242;758.3;17.6;0.3;8.9;115.7;74.8;194.2;49;5.0;0;19.6
GSB;201708;8.6;68;208;759.9;19.5;-1.3;9.8;121.8;72.9;193.1;51;4.6;10;11.1
GSB;201709;5.9;76;166;754.0;12.7;-4.5;2.8;66.5;79.0;156.8;49;5.2;31;15.7
GSB;201710;4.5;45;135;758.2;12.5;-6.4;3.3;65.1;60.8;180.8;69;5.4;27;10.2
GSB;201711;3.1;53;69;749.3;6.5;-14.4;-4.2;158.9;70.6;74.0;50;5.9;102;18.2
GSB;201712;2.5;65;41;747.7;4.3;-17.0;-7.5;329.5;73.1;18.1;31;5.9;309;12.8
GSB;201801;3.4;67;54;749.1;1.4;-12.6;-5.4;829.9;82.5;43.2;38;6.0;406;22.4
GSB;201802;2.4;72;115;741.2;-0.2;-24.5;-11.0;92.4;81.8;71.7;35;5.1;145;8.6
GSB;201803;3.1;78;181;738.6;0.7;-19.4;-7.3;181.4;86.5;102.2;32;5.6;249;17.2
GSB;201804;4.6;67;237;751.4;7.7;-9.5;-0.4;137.3;78.8;152.0;43;5.5;151;16.9
GSB;201805;6.3;85;224;752.9;11.2;-4.4;2.6;186.2;85.6;117.9;30;4.3;71;43.7
GSB;201806;7.7;64;280;756.1;15.5;0.1;7.0;62.1;77.6;214.6;55;5.0;0;21.1
GSB;201807;8.5;57;276;758.1;18.1;3.3;9.9;99.9;71.3;247.0;62;4.4;0;27.0
GSB;201808;9.1;63;234;759.4;17.5;-2.7;9.5;100.6;77.3;226.7;60;4.3;0;10.3
GSB;201809;7.6;54;190;759.9;15.9;-1.2;7.2;65.5;75.8;202.4;63;4.2;10;15.6
GSB;201810;5.6;58;106;754.4;9.5;-6.5;2.5;296.5;78.2;137.4;53;6.7;139;23.9
GSB;201811;4.2;77;46;750.4;3.2;-12.1;-3.4;233.7;87.2;28.6;19;6.7;153;20.4
GSB;201812;3.0;59;41;752.8;3.6;-15.5;-4.5;324.2;67.1;22.9;39;5.6;159;9.9
GSB;201901;2.1;59;56;744.5;0.7;-18.1;-10.1;280.0;73.7;52.6;46;7.1;315;18.3
GSB;201902;2.2;29;136;754.7;6.6;-14.4;-3.5;99.7;50.1;162.0;78;4.9;140;9.4
GSB;201903;2.8;49;207;752.2;4.9;-13.4;-4.4;266.7;65.7;190.7;60;5.6;153;10.1
GSB;201904;4.0;79;223;747.7;2.8;-11.6;-3.5;284.0;84.2;113.4;32;6.5;154;25.3
GSB;201905;4.7;71;297;749.4;7.4;-11.4;-1.2;242.9;82.4;161.5;41;5.7;140;17.9
GSB;201906;7.4;60;279;758.3;21.6;-0.9;8.6;128.6;69.7;230.5;59;4.6;7;11.8
GSB;201907;8.5;60;286;757.9;20.0;-0.3;10.2;114.4;69.3;258.2;65;4.5;11;27.6
GSB;201908;8.6;65;225;759.3;17.1;0.7;9.8;131.4;72.1;210.4;55;4.1;0;18.1
GSB;201909;6.9;56;178;757.9;15.3;-3.0;6.0;64.0;75.3;183.4;57;4.6;2;12.9
GSB;201910;6.0;68;97;754.6;11.1;-5.1;3.0;340.3;80.5;108.1;41;5.6;34;17.9
GSB;201911;3.8;79;58;741.7;2.9;-11.1;-5.1;276.5;87.9;27.9;19;5.6;235;31.8
GSB;201912;3.1;58;37;749.2;2.1;-12.9;-4.0;354.3;70.1;27.0;46;6.4;284;4.7
GSB;202001;2.5;38;54;755.8;3.3;-14.7;-4.4;39.8;57.7;60.9;53;5.0;82;9.9
GSB;202002;2.9;58;112;752.7;5.9;-14.8;-3.9;175.5;64.0;99.9;46;5.9;178;14.5
GSB;202003;3.4;68;191;748.7;6.8;-16.2;-4.9;121.8;79.8;141.5;45;5.2;164;16.0
GSB;202004;4.2;46;269;752.6;7.2;-11.5;0.2;70.2;67.7;240.5;68;4.2;40;21.4
GSB;202005;5.9;63;279;755.1;11.7;-5.0;3.4;196.4;77.5;213.1;54;4.8;105;19.4
GSB;202006;7.2;74;236;753.5;15.4;-1.9;4.8;99.7;84.2;146.2;37;5.2;23;28.9
GSB;202007;8.1;56;279;758.9;19.3;1.2;9.5;40.8;70.1;245.2;61;4.3;0;15.2
GSB;202008;8.2;64;234;757.3;18.1;-2.0;9.2;115.0;72.1;216.2;57;4.5;6;12.9
GSB;202009;7.5;63;178;756.6;16.0;-8.3;5.9;37.4;79.5;170.6;53;4.4;18;24.0
GSB;202010;4.6;74;100;750.6;8.1;-8.4;-1.1;253.2;81.7;86.8;33;5.6;91;24.6
GSB;202011;4.0;37;63;757.5;9.2;-9.4;-0.2;9.6;65.6;94.4;64;4.1;18;11.0
GSB;202012;2.9;76;43;742.7;3.2;-15.3;-7.1;121.5;80.1;16.6;28;5.2;157;11.9
GSB;202101;2.5;71;53;742.4;-0.6;-17.4;-9.1;182.3;77.2;36.2;31;5.9;234;18.2
GSB;202102;3.3;58;127;751.0;3.6;-18.6;-4.1;65.5;71.8;119.3;58;4.8;93;9.6
GSB;202103;2.7;62;205;752.1;7.2;-15.4;-5.5;105.8;69.9;179.1;57;5.1;195;9.8
GSB;202104;3.6;61;248;749.3;5.0;-16.4;-4.4;116.2;79.2;181.9;51;4.9;120;16.7
GSB;202105;4.5;73;278;750.6;8.2;-9.5;-1.1;243.3;79.5;141.6;36;5.0;162;19.7
GSB;202106;8.2;69;245;758.1;16.4;0.9;7.2;105.6;81.4;156.9;40;4.4;0;36.8
GSB;202107;8.3;65;215;756.7;17.6;-0.5;8.1;182.4;78.7;169.7;42;4.5;1;17.6
GSB;202108;7.5;56;247;757.2;20.0;0.3;7.8;61.7;73.4;236.0;62;4.5;0;14.2
GSB;202109;7.7;57;165;758.6;13.2;-1.7;6.3;92.9;80.9;163.2;51;4.0;10;14.3
GSB;202110;4.5;47;120;755.5;9.6;-4.4;1.0;124.9;69.2;155.5;59;6.0;31;13.2
GSB;202111;3.7;59;64;748.7;5.5;-15.1;-3.6;76.7;77.5;57.9;39;4.8;91;18.0
GSB;202112;2.7;49;39;748.7;7.3;-15.5;-4.2;135.4;62.1;25.4;43;4.8;180;10.8
GSB;202201;2.1;26;58;754.4;6.2;-15.4;-5.0;36.8;52.2;87.5;76;5.6;76;9.9
GSB;202202;2.6;51;128;752.5;6.2;-13.7;-5.5;62.3;66.3;120.3;58;6.2;65;8.6
GSB;202203;2.6;40;191;753.3;5.0;-13.1;-4.5;58.7;58.9;202.9;64;4.9;73;14.4
GSB;202204;4.1;61;262;747.9;6.8;-15.0;-2.4;168.3;78.4;195.1;55;5.1;134;15.7
GSB;202205;6.5;61;277;756.4;16.4;-4.1;4.8;68.0;77.4;216.0;54;3.8;24;18.2
GSB;202206;8.1;59;246;758.3;19.7;-1.7;9.3;114.2;71.1;192.9;49;4.8;1;21.0
GSB;202207;8.9;34;309;761.5;20.0;3.1;11.4;32.3;67.5;299.3;75;4.9;0;25.5
GSB;202208;8.9;47;236;758.3;18.2;4.3;10.1;110.3;73.2;240.4;63;4.6;0;26.1
GSB;202209;6.4;59;172;753.4;17.0;-5.1;4.5;98.3;76.6;158.6;49;4.2;44;12.5
GSB;202210;6.4;50;115;760.0;11.6;-2.5;5.2;175.4;74.0;148.2;57;4.3;0;16.1
GSB;202211;3.6;55;68;750.5;7.9;-9.9;-2.7;88.9;72.7;72.8;49;4.7;125;11.3
GSB;202212;3.1;57;42;748.0;5.0;-15.9;-4.4;170.9;69.0;23.9;41;4.2;186;12.8
GSB;202301;2.5;49;61;748.3;2.5;-18.3;-7.3;84.6;67.0;60.4;53;5.0;86;14.8
GSB;202302;2.6;35;125;755.5;4.9;-16.8;-4.9;2.7;62.4;137.0;66;5.2;30;13.4
GSB;202303;3.4;60;175;747.7;3.9;-12.9;-3.6;176.1;71.8;147.4;47;4.6;237;8.5
GSB;202304;3.9;68;247;748.7;6.2;-11.3;-3.4;109.3;79.3;123.2;35;4.6;97;18.9
GSB;202305;5.9;75;239;753.5;11.2;-3.9;2.0;103.0;84.0;126.2;32;4.4;40;30.2
GSB;202306;8.0;61;243;757.0;16.3;1.9;7.6;105.0;77.4;184.1;47;4.6;0;22.8
GSB;202307;8.3;56;266;758.4;21.5;-0.7;10.3;90.6;68.1;225.6;56;4.2;0;15.3
GSB;202308;8.1;56;224;758.2;21.8;-1.8;9.7;92.8;68.6;209.4;55;5.2;14;19.0
GSB;202309;7.9;42;185;759.5;18.2;-2.3;8.7;91.9;71.6;207.4;65;4.7;1;6.0
GSB;202310;5.3;55;121;753.8;15.5;-4.0;4.3;169.0;68.0;156.8;60;5.1;52;8.7
GSB;202311;3.5;73;67;745.8;5.4;-12.9;-4.1;292.4;77.2;36.9;25;5.8;221;15.1
GSB;202312;3.1;59;43;750.9;4.3;-15.5;-3.8;141.4;67.6;24.8;42;5.9;208;8.8
GSB;202401;2.8;55;59;751.0;4.6;-15.9;-4.5;116.6;63.5;54.4;47;5.7;178;5.5