stn;time;pva200m0;ets150m0;gre000m0;prestam0;tre200mx;tre200mn;tre200m0;rre150m0;ure200m0;su2000m0;sremaxmv;nto000m0;hns000m0;hto000m0;ure200mn;fkl010m0
GRH;200001;2.4;8.11;68;803.9;2.5;-17.7;-5.7;182.1;60.4;89.4;62;39;136;205;-;5.6
GRH;200002;3.3;3.98;106;804.4;4.3;-13.5;-4.2;319.9;77.1;79.2;39;67;299;299;-;6.2
GRH;200003;3.8;5.34;161;801.9;4.8;-11.9;-2.9;263.8;77.1;100.2;35;72;282;429;-;5.9
GRH;200004;4.6;5.53;191;795.7;9.5;-8.6;0.3;115.7;73.9;70.8;23;75;81;425;-;6.7
GRH;200005;6.9;14.51;226;804.2;14.9;-2.9;5.8;83.0;76.0;143.5;41;68;13;225;-;5.6
GRH;200006;8.6;74.22;234;808.7;20.0;-0.8;9.3;86.2;75.2;171.3;48;60;3;17;-;5.7
GRH;200007;8.5;63.88;204;803.3;18.3;-1.2;7.4;201.2;83.4;136.8;38;70;11;0;-;4.9
GRH;200008;9.4;106.60;200;808.5;22.4;4.4;11.1;115.7;73.5;186.5;56;54;0;0;-;5.0
GRH;200009;7.7;64.85;146;804.4;17.9;-0.7;7.7;166.7;74.7;151.0;52;56;10;1;-;5.1
GRH;200010;6.1;38.78;78;802.5;12.6;-4.4;3.6;152.2;78.3;81.6;33;70;25;0;-;5.6
GRH;200011;4.1;6.81;54;795.6;8.7;-8.6;-1.7;189.9;77.0;37.3;24;67;209;58;-;6.1
GRH;200012;3.6;7.58;51;797.7;6.9;-15.6;-2.0;69.5;66.1;52.4;41;60;89;94;-;5.9
GRH;200101;3.0;4.82;60;796.2;3.3;-14.0;-5.0;69.3;68.3;53.8;37;62;92;149;-;6.0
GRH;200102;3.1;5.55;109;799.9;5.8;-16.4;-4.9;151.5;70.6;93.5;47;61;225;212;-;5.7
GRH;200103;4.7;2.68;146;793.7;10.3;-12.9;-1.2;209.8;82.8;54.1;19;83;254;261;-;5.9
GRH;200104;4.4;3.54;202;797.5;7.6;-9.7;-2.2;293.7;83.5;53.0;17;84;346;302;-;5.9
GRH;200105;7.0;23.90;244;803.7;17.9;-2.1;6.2;56.0;74.2;159.7;45;65;0;163;-;5.3
GRH;200106;7.5;69.85;233;805.3;21.7;-4.4;6.5;238.1;78.3;171.2;48;61;54;4;-;4.9
GRH;200107;9.5;84.32;214;806.0;19.6;1.0;9.9;106.6;78.0;164.7;46;60;0;0;-;5.2
GRH;200108;9.7;109.84;202;807.9;21.2;2.5;11.4;147.7;74.0;193.2;58;51;0;0;-;5.0
GRH;200109;6.5;27.75;121;801.8;14.8;-3.5;3.1;255.8;85.3;82.5;28;80;75;7;-;5.0
GRH;200110;6.5;42.08;111;807.7;19.1;-1.8;7.5;66.0;64.8;153.5;63;42;5;0;-;5.3
GRH;200111;3.9;12.22;63;802.5;10.6;-11.8;-1.8;284.8;74.4;73.7;48;58;208;28;-;4.8
GRH;200112;2.6;10.28;53;800.6;5.2;-19.3;-6.3;146.4;63.9;71.6;56;47;144;104;-;4.3
GRH;200201;2.5;10.02;70;806.4;6.7;-15.2;-3.5;24.9;51.9;106.4;74;33;26;142;-;5.0
GRH;200202;3.9;3.00;96;800.3;5.5;-14.6;-3.0;182.4;79.7;54.6;28;73;198;177;-;5.6
GRH;200203;3.8;8.67;175;801.5;6.5;-11.8;-1.3;193.9;67.7;156.2;55;56;124;241;-;5.7
GRH;200204;4.6;6.67;217;798.7;9.8;-8.3;-0.1;85.8;75.6;121.3;39;68;63;203;-;4.7
GRH;200205;6.2;16.77;223;801.7;14.4;-5.3;3.7;315.3;78.1;121.0;34;70;180;117;-;5.0
GRH;200206;8.6;92.65;250;806.8;22.9;1.2;10.2;153.1;71.3;192.6;54;58;0;1;-;4.7
GRH;200207;9.6;68.07;197;805.3;18.8;1.4;9.5;194.5;81.8;141.2;39;68;0;0;-;4.9
GRH;200208;9.3;62.09;168;804.9;18.1;-0.1;9.0;159.2;82.3;127.4;38;70;0;0;-;4.8
GRH;200209;7.4;36.05;135;804.2;14.5;-5.8;5.1;169.5;83.5;101.9;35;74;61;8;-;4.5
GRH;200210;5.6;25.86;95;801.7;11.9;-4.5;3.4;126.2;73.1;93.3;38;70;48;5;-;5.3
GRH;200211;5.0;5.41;46;796.6;11.0;-8.3;-0.6;416.8;84.7;27.0;17;81;335;89;-;5.7
GRH;200212;3.9;5.87;52;798.7;5.5;-9.6;-2.7;159.2;76.1;49.2;39;63;137;161;-;5.3
GRH;200301;3.0;4.31;64;796.3;3.8;-20.9;-6.8;244.5;76.6;60.3;42;60;247;242;-;5.0
GRH;200302;1.9;9.96;132;798.7;0.7;-21.3;-8.5;168.6;58.0;154.9;79;30;168;368;-;4.8
GRH;200303;3.4;11.81;204;805.0;7.5;-10.0;-1.4;49.4;60.9;218.8;76;46;44;327;-;4.0
GRH;200304;4.5;8.57;229;800.0;9.6;-13.9;-0.6;114.1;74.8;155.8;50;59;89;284;-;5.2
GRH;200305;6.7;19.14;227;805.7;16.1;-4.7;5.7;126.9;73.9;141.6;40;67;50;103;-;4.8
GRH;200306;9.9;102.28;278;808.3;22.9;5.7;13.0;50.4;67.5;231.0;65;48;0;0;-;4.6
GRH;200307;9.9;99.31;235;807.4;22.2;2.2;10.9;123.2;76.9;195.3;54;57;0;0;-;4.6
GRH;200308;9.7;157.77;227;809.6;25.4;0.8;13.7;59.7;63.5;226.1;68;41;0;0;-;4.2
GRH;200309;6.9;80.18;158;807.7;19.1;-0.1;7.3;69.4;70.0;165.6;57;54;0;0;-;3.8
GRH;200310;4.6;36.43;102;798.4;13.7;-10.3;1.1;240.4;69.9;124.8;51;55;147;12;-;4.5
GRH;200311;4.3;13.76;68;802.2;8.8;-6.5;0.9;108.2;68.1;73.0;48;56;143;62;-;4.8
GRH;200312;3.2;8.41;49;800.9;6.0;-15.1;-3.2;183.0;66.8;59.5;47;54;143;80;-;5.3
GRH;200401;2.9;2.85;61;793.7;3.4;-18.3;-6.5;380.5;81.6;44.8;31;80;392;212;-;4.3
GRH;200402;2.7;6.92;108;800.4;5.8;-16.9;-4.9;120.4;63.6;99.6;49;55;123;332;11.5;4.2
GRH;200403;3.2;7.47;178;801.4;9.6;-16.6;-4.0;119.6;72.4;138.1;48;59;127;318;20.1;4.4
GRH;200404;4.4;6.66;214;797.8;8.9;-11.2;-0.6;124.2;75.9;107.7;34;70;124;310;31.1;3.9
GRH;200405;5.4;28.20;260;800.6;16.6;-7.7;3.0;153.8;73.2;167.1;47;65;125;259;27.0;3.1
GRH;200406;7.9;77.90;233;806.5;20.9;-0.4;8.5;164.7;73.7;158.3;44;69;16;68;21.6;3.7
GRH;200407;9.1;85.99;205;807.0;21.3;0.1;10.1;87.2;74.4;147.2;41;66;0;0;35.3;4.4
GRH;200408;9.4;77.52;173;805.4;19.4;2.1;10.3;141.9;76.6;134.1;40;69;0;0;32.5;6.4
GRH;200409;8.2;69.31;159;808.2;19.2;-2.2;7.8;125.9;78.0;166.0;57;59;34;3;24.4;5.9
GRH;200410;6.5;24.11;93;801.3;16.3;-3.9;5.4;101.8;72.9;89.5;37;65;22;1;17.2;6.5
GRH;200411;4.0;9.33;52;802.2;10.1;-11.9;-1.4;116.1;71.3;46.3;30;68;61;13;16.0;5.8
GRH;200412;2.8;11.87;52;800.9;7.4;-16.0;-2.8;86.6;56.9;75.3;59;41;118;33;14.3;6.2
GRH;200501;2.3;7.59;62;802.6;5.4;-20.2;-6.2;260.9;60.7;71.1;49;56;291;111;9.3;6.0
GRH;200502;1.9;7.07;114;795.2;1.6;-21.1;-9.8;243.5;62.9;99.9;51;59;264;227;13.6;5.5
GRH;200503;3.4;9.84;183;799.1;9.3;-18.4;-2.8;61.8;63.6;172.0;60;55;136;230;13.1;5.8
GRH;200504;4.5;7.95;212;799.2;14.6;-8.6;0.3;151.6;73.4;113.5;36;72;178;208;10.0;5.9
GRH;200505;6.3;27.65;239;804.1;20.9;-3.6;5.1;178.8;74.0;174.0;49;64;75;158;28.9;5.6
GRH;200506;8.5;96.02;270;807.5;22.3;-2.4;9.6;92.2;71.8;220.3;62;57;0;4;27.3;5.7
GRH;200507;9.4;70.32;189;806.3;21.5;1.1;9.7;105.8;79.7;128.7;36;74;0;0;36.7;5.9
GRH;200508;8.8;67.47;171;805.8;19.0;0.5;8.1;287.0;82.2;139.9;42;71;0;0;34.1;5.1
GRH;200509;8.3;45.90;143;806.5;19.6;-1.7;7.5;56.4;81.0;124.3;42;61;0;0;35.8;4.4
GRH;200510;5.3;46.10;117;806.5;15.8;-3.0;6.2;66.0;58.6;156.0;63;38;48;3;12.8;5.1
GRH;200511;3.8;13.04;67;800.2;12.7;-13.8;-2.2;56.0;69.8;79.2;51;64;30;9;13.7;4.4
GRH;200512;2.5;8.40;52;797.2;4.6;-20.5;-6.9;171.8;67.4;57.3;45;65;203;64;9.9;4.4
GRH;200601;2.2;8.91;69;801.8;4.9;-15.3;-6.1;90.8;56.0;88.3;61;44;163;137;7.6;5.5
GRH;200602;2.6;5.44;106;794.7;5.5;-15.4;-6.6;93.1;69.0;77.4;39;66;192;199;15.0;4.9
GRH;200603;3.6;5.19;167;793.9;8.3;-19.3;-4.9;166.2;79.9;119.8;42;70;221;279;24.2;5.4
GRH;200604;4.8;6.72;214;799.5;8.9;-9.8;-0.3;134.1;80.1;132.4;42;69;84;263;28.8;4.5
GRH;200605;6.5;11.22;212;804.0;13.0;-5.6;4.1;193.8;78.8;118.6;34;77;75;138;33.4;4.6
GRH;200606;8.4;82.12;259;808.5;20.1;-5.4;9.1;80.2;72.3;188.8;53;61;12;27;17.8;4.5
GRH;200607;10.5;148.93;275;810.5;22.4;6.1;13.6;54.6;68.4;253.5;71;48;0;0;25.8;5.0
GRH;200608;8.2;33.84;143;802.5;15.3;-1.3;6.0;203.4;88.4;86.2;26;81;21;1;40.2;4.7
GRH;200609;8.6;71.81;153;806.4;19.9;3.6;10.1;84.8;71.2;144.8;50;58;0;0;22.1;5.1
GRH;200610;6.3;40.67;105;804.5;15.6;-0.3;7.0;52.5;64.2;136.5;56;58;1;0;15.0;5.6
GRH;200611;4.5;12.82;64;805.0;11.0;-10.1;1.0;96.6;69.1;74.3;48;54;52;5;19.2;4.9
GRH;200612;3.2;11.99;53;807.0;7.3;-11.2;-1.1;99.8;56.5;84.2;66;35;111;37;15.1;4.9
GRH;200701;3.9;4.16;58;803.5;7.1;-17.6;-2.5;175.8;75.7;54.3;38;66;141;75;14.4;4.5
GRH;200702;3.4;6.37;107;797.2;7.2;-8.6;-1.9;141.0;66.8;99.2;50;57;136;98;8.8;5.8
GRH;200703;3.6;6.92;170;798.6;6.0;-12.5;-2.8;178.8;74.7;130.7;46;60;240;195;20.3;5.2
GRH;200704;5.3;15.69;267;805.0;15.1;-6.6;5.1;26.8;60.3;252.3;80;39;12;131;22.1;-
GRH;200705;6.6;20.10;197;801.0;18.5;-5.7;5.3;320.2;75.6;131.0;37;72;166;15;24.5;-
GRH;200706;8.8;51.24;223;803.4;19.4;-1.9;8.5;142.2;80.1;141.2;40;72;24;7;35.0;-
GRH;200707;9.1;84.27;209;805.8;20.6;-0.4;9.4;172.8;78.9;154.6;43;66;1;0;36.6;-
GRH;200708;9.2;75.04;176;805.0;19.6;-0.9;9.2;189.9;80.1;138.8;42;68;3;0;28.9;-
GRH;200709;7.1;56.69;165;805.9;15.6;-3.2;5.3;109.3;79.8;163.6;56;64;31;2;33.1;-
GRH;200710;5.7;36.96;121;805.9;17.5;-8.7;3.5;39.9;72.3;153.6;63;50;9;1;20.9;4.5
GRH;200711;3.9;10.52;62;801.0;11.7;-14.8;-2.8;246.5;78.2;64.8;42;61;166;59;20.5;-
GRH;200712;3.0;8.90;55;803.5;4.2;-13.7;-4.5;209.6;66.9;70.3;55;43;195;140;14.2;-
GRH;200801;3.2;6.07;62;803.5;6.1;-12.4;-2.9;128.6;65.6;67.9;47;60;171;168;9.4;-
GRH;200802;3.1;9.64;123;807.1;7.6;-11.4;-2.0;52.6;58.6;146.5;71;38;78;191;13.7;-
GRH;200803;3.7;2.97;157;792.6;5.9;-17.7;-4.8;227.3;85.7;80.4;28;83;319;237;28.6;-
GRH;200804;4.6;4.23;203;796.1;6.5;-11.4;-1.5;249.9;83.0;83.2;27;79;217;295;37.1;-
GRH;200805;6.4;17.15;229;802.1;12.6;-5.2;5.3;57.0;71.9;149.7;43;65;1;188;16.4;-
GRH;200806;9.1;50.94;213;805.4;20.8;-0.7;8.5;97.9;82.2;128.5;36;74;0;2;40.2;-
GRH;200807;9.3;86.94;225;806.1;20.7;0.9;9.6;125.1;78.9;174.7;49;67;0;0;35.1;-
GRH;200808;9.7;80.37;204;805.7;20.6;1.1;10.1;193.8;79.4;184.4;55;67;0;0;32.2;-
GRH;200809;7.2;43.96;134;804.0;18.3;-2.9;5.5;181.1;80.4;112.3;39;73;8;0;22.9;-
GRH;200810;6.1;26.51;99;804.2;15.9;-6.8;4.2;202.6;75.1;110.3;45;62;112;7;27.0;-
GRH;200811;4.2;7.97;59;798.8;7.0;-12.8;-1.9;197.8;78.4;52.3;34;70;169;44;23.4;5.8
GRH;200812;3.1;6.65;46;799.1;3.4;-11.5;-4.4;103.0;71.6;40.7;31;71;216;109;9.3;5.8
GRH;200901;2.0;9.39;69;795.3;0.2;-13.6;-5.9;40.9;53.2;95.7;66;44;77;139;8.9;5.0
GRH;200902;3.0;2.97;98;795.3;6.4;-15.6;-6.7;275.8;80.4;42.8;22;81;344;250;9.6;5.8
GRH;200903;3.5;5.45;164;797.6;6.2;-13.2;-4.0;387.3;77.0;96.5;34;78;395;370;9.7;5.4
GRH;200904;4.8;6.76;214;800.4;8.1;-5.1;1.8;90.8;70.7;105.1;34;68;89;319;33.6;4.7
GRH;200905;6.6;23.06;240;807.2;18.7;-4.5;6.1;53.4;71.2;149.0;42;65;0;184;16.0;4.5
GRH;200906;8.4;49.60;222;804.9;19.1;-1.1;7.4;94.1;81.6;148.8;42;77;3;5;21.1;4.2
GRH;200907;9.4;89.60;233;807.5;19.2;0.1;10.1;116.9;76.6;171.9;48;67;1;0;33.3;4.1
GRH;200908;9.9;120.29;223;809.6;21.4;4.0;12.0;91.1;72.1;212.0;63;56;0;0;26.5;3.8
GRH;200909;8.1;66.24;174;808.3;17.8;-0.3;8.2;61.3;75.0;171.8;59;60;1;0;19.9;3.8
GRH;200910;5.5;28.56;105;804.1;17.4;-9.3;3.0;126.6;71.9;115.2;47;64;37;7;16.3;4.8
GRH;200911;4.4;10.35;58;799.1;10.0;-6.9;0.5;175.6;71.8;57.0;36;68;190;18;18.8;5.7
GRH;200912;3.0;6.46;47;792.0;3.6;-19.4;-5.9;131.5;70.4;40.3;31;70;162;110;11.3;5.7
GRH;201001;2.1;6.48;64;793.7;1.5;-17.5;-7.5;99.3;62.9;69.6;48;62;138;151;10.7;5.3
GRH;201002;2.7;5.03;111;789.3;1.3;-19.9;-7.1;70.3;70.3;87.0;44;67;59;195;8.9;5.9
GRH;201003;3.3;5.67;156;799.5;5.3;-18.8;-4.4;108.6;70.3;95.0;33;72;113;184;7.9;5.0
GRH;201004;4.5;10.39;244;802.9;10.9;-10.4;0.7;57.3;69.5;173.3;55;59;18;166;20.6;3.7
GRH;201005;6.1;12.38;187;800.2;14.6;-4.1;2.4;227.1;85.1;73.3;21;85;88;66;34.8;3.9
GRH;201006;8.2;62.35;198;804.4;16.1;-2.1;7.7;131.2;78.9;129.0;36;71;7;1;27.8;4.2
GRH;201007;9.9;103.71;237;809.0;22.0;2.3;11.4;130.3;75.0;188.5;52;63;0;0;23.3;3.8
GRH;201008;9.2;62.62;175;806.4;21.7;-0.9;8.6;217.9;82.4;127.2;38;77;10;0;30.6;4.0
GRH;201009;6.8;65.24;159;804.3;14.8;-2.6;5.7;145.0;76.2;149.9;51;67;43;4;24.4;3.5
GRH;201010;5.2;35.83;104;801.2;15.7;-7.8;2.8;105.8;70.3;126.0;51;57;109;16;12.0;5.0
GRH;201011;4.2;7.44;56;793.8;9.0;-14.7;-2.3;241.5;77.7;40.0;25;79;208;53;10.2;5.4
GRH;201012;2.8;5.34;46;794.0;4.2;-16.6;-7.3;174.9;73.7;35.9;28;75;219;122;12.2;5.9
GRH;201101;2.7;6.76;66;800.7;8.1;-16.9;-5.1;64.1;62.2;73.2;50;54;94;140;5.7;4.9
GRH;201102;2.7;7.38;105;801.0;8.5;-11.6;-3.1;94.0;58.4;95.6;49;55;72;140;12.3;4.3
GRH;201103;3.5;10.14;171;803.8;8.8;-9.3;-1.2;87.5;62.2;159.8;56;54;62;163;17.9;4.4
GRH;201104;4.9;13.29;251;804.6;12.4;-7.9;3.3;42.4;64.2;221.8;71;51;19;93;23.0;3.8
GRH;201105;6.5;28.90;256;806.8;14.9;-3.4;6.3;96.7;69.0;203.1;58;63;31;3;13.9;3.9
GRH;201106;8.5;48.25;197;806.6;19.0;-2.5;7.9;117.7;80.6;108.4;30;77;0;1;26.1;4.0
GRH;201107;8.4;67.15;205;803.8;17.9;-0.5;7.6;154.5;80.8;137.4;38;75;0;0;30.0;3.9
GRH;201108;9.5;115.04;214;807.9;22.4;-1.2;11.5;108.5;71.4;193.9;58;57;1;0;20.7;4.2
GRH;201109;8.4;80.04;173;808.5;18.1;-1.8;9.5;136.6;71.4;192.5;66;52;13;1;26.4;3.9
GRH;201110;5.0;52.40;122;807.4;16.1;-6.1;4.2;209.8;62.0;173.8;71;42;44;3;16.1;4.6
GRH;201111;3.6;25.04;73;806.3;10.2;-2.5;3.2;0.1;47.4;118.5;75;35;0;0;6.9;4.9
GRH;201112;3.6;5.04;38;801.1;5.4;-15.3;-3.6;578.8;78.6;37.2;29;78;426;106;18.2;5.7
GRH;201201;3.2;4.60;56;803.0;2.9;-14.4;-4.7;526.5;74.7;50.3;34;-;-;-;4.8;5.5
GRH;201202;2.1;8.37;120;801.2;10.8;-26.1;-9.4;141.9;60.1;128.9;63;-;-;-;10.9;3.9
GRH;201203;3.5;12.57;193;808.6;9.3;-11.8;-0.1;107.0;59.6;208.3;73;-;-;-;14.5;4.3
GRH;201204;4.6;4.19;195;793.5;11.4;-10.4;-0.7;188.4;79.2;61.7;20;-;-;-;37.1;5.2
GRH;201205;6.2;21.98;257;803.8;15.1;-7.9;4.6;103.5;73.3;162.4;46;-;-;-;20.1;4.0
GRH;201206;8.8;64.53;217;805.6;18.7;-0.2;9.1;184.4;77.6;144.0;40;-;-;-;35.2;4.2
GRH;201207;9.2;84.82;220;806.9;21.3;1.0;9.6;125.5;78.3;151.4;42;-;-;-;18.2;3.9
GRH;201208;9.6;114.81;215;809.0;23.5;-1.7;11.9;153.3;71.1;195.4;58;-;-;-;21.8;4.0
GRH;201209;7.4;71.76;158;805.5;16.4;-1.8;7.6;113.9;72.0;157.2;54;-;-;-;19.8;4.8
GRH;201210;5.8;34.59;103;801.4;16.6;-10.6;4.6;144.3;68.3;123.5;50;-;67;3;10.3;5.4
GRH;201211;4.0;14.70;67;799.6;7.4;-11.8;0.6;118.2;64.8;79.2;50;-;105;17;19.1;5.9
GRH;201212;3.1;5.00;45;797.8;8.7;-17.2;-5.2;283.5;74.1;30.0;23;-;448;146;9.6;6.3
GRH;201301;2.8;5.72;65;796.8;4.2;-17.5;-5.4;113.8;66.5;66.5;46;-;187;198;8.9;5.2
GRH;201302;2.3;4.76;111;793.5;0.7;-19.9;-9.2;134.0;72.5;73.1;37;-;255;287;14.7;5.2
GRH;201303;3.1;6.19;167;791.3;3.5;-15.4;-4.1;62.0;69.0;94.0;33;-;91;262;9.1;5.8
GRH;201304;4.8;8.21;218;800.2;10.3;-10.5;0.9;156.8;73.4;130.3;42;-;123;262;18.5;5.0
GRH;201305;5.7;6.97;192;798.9;10.5;-6.7;1.4;280.7;84.5;60.4;17;-;152;144;41.2;4.8
GRH;201306;7.6;58.86;231;806.6;19.3;-1.6;6.6;100.8;79.3;148.3;41;-;0;55;38.9;4.4
GRH;201307;9.8;125.30;273;810.0;20.3;4.6;11.8;95.2;71.4;231.0;64;-;0;0;29.6;4.0
GRH;201308;9.4;102.21;216;808.5;21.4;3.4;10.4;91.7;75.7;187.1;56;-;0;0;14.5;4.1
GRH;201309;7.6;64.53;154;805.7;17.0;-2.7;7.5;159.2;75.0;140.3;48;-;1;0;20.7;4.1
GRH;201310;6.7;21.84;95;805.2;14.9;-5.5;5.2;102.3;75.4;91.5;37;-;40;4;20.9;5.6
GRH;201311;4.0;9.20;55;799.0;7.7;-14.6;-1.3;277.4;71.3;44.3;28;-;219;40;15.0;5.7
GRH;201312;2.6;14.92;52;806.1;6.8;-10.9;-1.3;99.2;48.2;84.0;65;-;123;74;9.2;6.0
GRH;201401;3.3;5.69;59;795.6;7.5;-13.7;-2.7;118.8;64.9;56.6;39;-;152;125;13.2;6.7
GRH;201402;3.4;4.01;94;795.4;3.8;-9.3;-3.8;181.5;73.5;63.9;33;-;237;172;19.5;7.2
GRH;201403;3.2;11.81;184;801.3;8.6;-12.6;-0.5;112.7;58.3;171.1;60;-;113;171;12.4;5.2
GRH;201404;5.1;7.87;217;800.6;10.4;-7.8;1.8;137.7;73.7;148.5;47;-;119;104;15.9;4.5
GRH;201405;5.8;11.16;216;803.0;11.9;-4.9;2.8;184.2;79.0;80.1;23;-;121;64;22.1;5.0
GRH;201406;8.1;70.60;258;806.3;21.7;1.1;8.6;72.9;74.1;178.5;50;-;0;0;26.5;3.7
GRH;201407;9.4;62.25;175;805.4;20.4;-0.4;9.1;278.9;82.6;109.4;30;-;0;0;30.5;4.3
GRH;201408;9.0;45.90;173;805.1;15.5;0.8;8.0;153.0;84.5;111.5;33;-;0;0;38.7;4.3
GRH;201409;8.0;53.92;156;806.7;14.9;-0.1;7.9;66.7;76.1;142.3;49;-;0;0;16.9;4.2
GRH;201410;6.6;27.49;93;806.1;15.5;-6.4;6.1;132.0;69.5;106.3;43;-;23;2;16.9;4.6
GRH;201411;5.0;11.48;61;799.6;10.6;-4.7;2.3;186.0;70.3;64.0;41;-;125;42;15.8;6.3
GRH;201412;3.6;5.44;45;802.4;5.9;-16.3;-3.1;165.7;74.1;34.0;26;-;160;42;16.7;5.5
GRH;201501;3.1;5.03;59;800.5;5.8;-13.1;-4.4;284.8;70.4;52.6;36;-;241;121;7.1;6.1
GRH;201502;2.5;6.58;111;797.1;3.9;-13.6;-5.6;145.5;65.1;94.1;48;-;150;191;15.1;5.8
GRH;201503;3.7;6.97;161;802.9;7.1;-12.1;-1.8;281.5;70.6;118.3;41;-;154;206;8.4;5.1
GRH;201504;4.3;11.47;236;804.9;9.5;-12.1;1.0;188.9;66.1;160.7;51;-;114;228;21.6;4.7
GRH;201505;6.5;18.03;225;804.5;16.3;-4.4;4.5;196.2;78.6;134.1;38;-;60;80;20.5;4.7
GRH;201506;8.6;67.26;235;808.5;20.1;1.6;9.1;131.3;75.3;164.4;46;-;0;0;22.3;4.2
GRH;201507;10.1;135.70;255;809.2;23.5;3.8;13.2;104.5;68.2;212.3;59;-;0;0;16.0;4.6
GRH;201508;9.6;119.99;207;808.2;22.5;3.0;11.7;130.7;72.1;191.8;57;-;0;0;15.9;4.5
GRH;201509;7.1;34.25;130;805.1;13.6;-1.3;5.2;115.3;81.3;108.0;37;-;9;1;29.1;5.1
GRH;201510;5.5;25.98;107;803.7;12.9;-5.0;3.3;91.8;72.9;112.8;46;-;35;4;18.1;5.1
GRH;201511;4.1;21.34;77;806.9;14.4;-12.4;1.9;147.5;59.8;110.1;70;-;135;17;9.6;5.2
GRH;201512;3.2;15.36;58;812.4;8.1;-6.3;1.5;24.6;47.2;103.0;79;-;25;37;11.7;5.8
GRH;201601;3.3;4.31;56;798.8;6.7;-17.3;-3.9;218.8;69.8;46.5;32;-;258;82;11.1;6.1
GRH;201602;3.6;3.46;95;797.0;8.6;-13.8;-3.8;232.2;77.1;61.5;30;-;273;163;14.2;6.9
GRH;201603;3.2;7.37;185;797.0;5.5;-14.2;-4.3;127.2;71.3;141.8;50;-;144;231;19.0;5.9
GRH;201604;4.7;6.14;196;798.9;10.8;-9.8;0.4;210.6;75.5;84.3;27;-;158;173;15.7;5.7
GRH;201605;5.9;13.74;223;801.6;12.8;-4.9;2.9;257.6;78.8;93.9;27;-;133;148;38.6;5.1
GRH;201606;8.4;53.04;224;804.8;22.0;-0.2;7.5;145.8;82.4;120.4;34;-;1;8;27.9;3.7
GRH;201607;9.9;98.74;248;809.3;20.2;-0.1;10.8;129.6;77.4;191.7;53;-;1;0;21.9;4.2
GRH;201608;9.5;103.47;221;810.4;20.4;0.6;10.7;101.5;75.0;195.6;58;-;0;0;23.0;4.0
GRH;201609;8.5;68.86;176;808.7;16.7;2.3;8.9;129.6;75.8;181.6;62;-;0;0;28.8;4.2
GRH;201610;5.3;25.73;101;805.5;11.9;-5.2;2.6;81.4;74.1;109.5;45;-;6;0;17.4;4.2
GRH;201611;4.3;9.98;64;800.7;11.1;-10.1;-0.7;94.8;73.2;62.9;40;-;110;24;9.6;5.6
GRH;201612;2.7;16.39;55;811.1;7.4;-7.9;-0.5;0.0;46.9;107.3;83;-;1;2;14.2;4.9
GRH;201701;2.2;7.42;65;801.4;1.7;-19.2;-6.7;160.0;60.0;78.9;54;-;173;47;13.0;5.8
GRH;201702;3.4;6.22;108;801.5;7.2;-10.4;-2.4;120.0;66.7;95.7;49;-;117;90;17.4;5.8
GRH;201703;4.5;7.36;163;803.1;9.1;-10.9;0.6;235.5;71.7;126.4;44;-;199;157;6.9;5.3
GRH;201704;4.5;8.79;231;803.3;10.5;-12.4;-0.2;222.7;75.2;149.9;48;-;170;127;14.9;5.4
GRH;201705;6.4;29.41;264;805.2;18.1;-6.9;5.2;122.8;72.5;174.0;49;-;42;84;23.7;4.2
GRH;201706;9.6;78.49;267;807.0;22.8;-0.6;10.8;112.6;74.0;198.0;55;-;0;0;15.3;4.0
GRH;201707;9.7;82.78;219;807.9;19.2;2.6;10.6;123.0;77.5;151.5;42;-;0;0;25.8;4.6
GRH;201708;9.7;95.11;191;809.5;21.9;-0.5;11.7;185.3;72.5;161.1;48;-;0;0;30.0;4.3
GRH;201709;6.9;39.65;141;804.6;12.5;-2.0;4.7;148.3;81.5;117.4;40;-;16;1;21.9;4.2
GRH;201710;5.4;43.28;115;808.8;16.4;-4.1;5.0;169.3;65.8;145.3;59;-;35;3;19.0;4.6
GRH;201711;3.6;12.81;69;800.8;8.6;-11.3;-2.1;235.7;71.2;77.0;49;-;145;36;24.1;5.5
GRH;201712;3.0;7.05;48;799.5;6.0;-16.0;-5.4;232.9;74.4;54.8;42;-;218;97;18.8;6.2
GRH;201801;3.7;4.63;59;800.3;6.3;-10.4;-2.7;391.4;72.4;57.6;39;-;266;203;28.9;6.9
GRH;201802;2.5;3.77;108;793.8;2.6;-25.7;-9.0;93.9;73.3;61.9;31;-;96;266;9.1;5.1
GRH;201803;3.6;3.85;158;789.9;2.8;-13.9;-4.0;233.6;77.4;67.0;24;-;294;297;17.4;5.9
GRH;201804;4.8;10.66;232;802.3;10.4;-7.9;3.0;44.8;63.9;136.8;44;-;45;314;17.1;6.4
GRH;201805;6.9;19.18;233;803.5;15.2;-1.9;5.9;90.3;75.0;135.0;38;-;14;121;39.8;4.1
GRH;201806;8.7;72.04;276;806.3;17.4;1.9;9.0;49.8;76.1;211.3;59;-;0;0;31.6;4.0
GRH;201807;9.8;125.35;269;807.8;19.6;5.0;11.6;50.9;72.8;226.5;63;-;0;0;36.0;3.9
GRH;201808;10.0;103.99;215;809.2;20.7;0.1;11.5;119.8;74.6;190.0;57;-;0;0;19.9;4.1
GRH;201809;8.4;70.42;176;810.1;17.6;-1.4;9.0;73.0;74.1;180.8;62;-;0;0;27.1;3.7
GRH;201810;5.9;40.40;107;805.2;13.6;-4.1;5.5;166.6;66.3;140.2;57;-;79;4;22.7;5.4
GRH;201811;4.6;9.32;52;801.9;8.2;-9.1;0.9;46.4;69.6;43.3;28;-;32;5;17.4;6.0
GRH;201812;3.6;7.04;44;804.2;5.8;-13.7;-2.8;321.7;69.0;43.7;34;-;130;61;6.8;5.6
GRH;201901;2.5;4.47;60;796.9;3.3;-15.8;-7.9;412.0;71.6;54.0;37;-;248;136;8.0;6.3
GRH;201902;2.6;11.77;129;806.4;9.1;-12.5;-0.6;94.7;47.8;155.1;79;-;58;159;7.5;5.7
GRH;201903;3.4;9.54;179;803.7;7.6;-11.5;-1.9;287.5;66.8;144.1;51;-;153;186;6.1;5.8
GRH;201904;4.5;6.32;217;799.3;7.6;-8.8;0.3;288.7;73.2;91.3;29;-;181;222;19.0;5.8
GRH;201905;5.6;12.97;240;800.8;10.4;-8.4;1.3;176.7;82.3;85.9;24;-;65;177;26.4;4.7
GRH;201906;8.2;122.25;274;808.1;24.6;0.0;11.4;144.2;62.6;215.9;60;-;0;24;22.6;4.7
GRH;201907;10.1;105.45;243;807.4;22.6;4.2;11.8;85.9;74.6;192.7;54;-;0;0;31.1;4.0
GRH;201908;9.9;101.05;209;808.9;19.7;3.6;11.6;129.4;73.9;186.2;56;-;0;0;32.9;4.2
GRH;201909;8.1;63.06;156;808.0;16.5;-0.8;8.1;96.4;76.6;154.6;53;-;10;0;23.6;4.3
GRH;201910;6.8;27.80;94;804.8;14.7;-2.6;6.0;214.1;73.8;102.3;42;-;37;1;26.5;5.7
GRH;201911;4.6;4.85;48;792.8;5.4;-7.1;-1.2;163.1;80.6;22.8;14;-;188;37;33.5;6.5
GRH;201912;3.7;8.39;45;800.3;5.0;-9.7;-1.2;205.1;67.4;53.5;41;-;179;96;11.7;6.6
GRH;202001;2.9;9.41;68;807.4;6.2;-13.2;-1.4;73.2;55.1;106.2;73;-;79;120;11.0;6.1
GRH;202002;3.5;5.46;96;803.4;8.2;-10.7;-1.6;266.1;66.5;79.7;39;-;143;149;20.0;7.4
GRH;202003;3.8;7.27;173;800.1;7.9;-11.1;-2.1;98.2;72.6;145.0;51;-;80;165;11.9;5.2
GRH;202004;4.5;15.81;249;803.5;10.9;-7.0;3.7;39.2;56.7;220.1;70;-;11;100;14.6;4.3
GRH;202005;6.7;25.97;258;805.7;16.0;-2.1;5.6;100.9;75.4;191.3;54;-;15;6;22.2;4.2
GRH;202006;8.4;45.58;206;803.7;16.9;-0.4;7.4;147.5;82.1;117.0;33;-;3;0;30.3;4.1
GRH;202007;9.9;110.34;262;808.5;21.8;2.5;11.0;93.4;76.7;219.3;61;-;0;0;28.1;4.0
GRH;202008;9.7;100.34;208;806.9;20.4;-0.6;11.1;157.7;74.8;178.9;53;-;0;0;24.6;4.1
GRH;202009;8.4;65.76;169;806.7;18.6;-4.4;8.5;94.7;76.0;162.3;55;-;26;2;33.6;4.0
GRH;202010;5.4;19.24;93;801.4;11.0;-5.8;2.0;219.8;78.4;83.4;34;-;69;6;18.4;5.9
GRH;202011;4.3;19.93;74;808.7;12.0;-7.9;3.0;37.4;56.1;112.7;72;-;13;1;11.6;4.8
GRH;202012;3.4;4.64;44;794.1;7.1;-14.2;-3.6;174.0;73.1;29.3;23;-;213;83;15.9;6.6
GRH;202101;2.9;4.42;56;794.1;1.6;-14.9;-6.4;422.4;73.1;39.5;27;-;405;169;12.0;5.3
GRH;202102;3.5;6.97;118;802.1;7.6;-14.9;-1.2;80.3;64.1;106.3;54;-;63;279;11.3;6.3
GRH;202103;3.2;9.11;181;804.0;10.9;-13.8;-3.0;198.6;67.9;141.7;50;-;222;293;6.0;5.0
GRH;202104;3.9;9.31;250;801.1;8.4;-12.7;-1.6;65.5;71.1;154.4;49;-;59;282;25.5;4.6
GRH;202105;5.4;18.25;246;801.4;9.6;-5.9;1.6;260.2;79.0;110.6;31;-;152;245;32.0;5.0
GRH;202106;8.8;73.97;265;808.2;20.0;2.8;10.0;128.1;73.4;171.4;48;-;0;64;26.4;3.8
GRH;202107;9.8;68.48;200;806.5;18.5;-0.1;9.9;274.3;81.6;140.6;39;-;0;0;32.7;4.0
GRH;202108;9.3;73.35;203;807.1;21.0;2.6;9.1;71.1;81.8;158.2;47;-;0;0;29.8;4.2
GRH;202109;8.6;67.75;176;808.7;15.9;-0.8;9.1;76.2;75.5;177.2;61;-;1;0;24.3;4.0
GRH;202110;5.0;38.76;112;806.5;12.5;-3.3;4.1;70.7;62.9;131.1;53;-;10;1;6.4;5.3
GRH;202111;4.2;12.92;64;800.1;9.7;-11.8;-0.4;139.9;71.3;72.4;46;-;146;15;7.7;4.6
GRH;202112;3.2;9.37;48;799.9;8.2;-11.9;-1.9;189.0;63.2;58.3;45;-;193;110;11.2;5.5
GRH;202201;2.7;8.49;69;806.4;7.8;-13.5;-3.0;139.0;57.5;89.0;61;-;114;128;10.9;4.9
GRH;202202;3.1;6.79;115;803.9;8.6;-10.8;-3.4;323.6;66.2;98.6;50;-;188;191;10.2;6.5
GRH;202203;2.9;14.15;193;805.2;7.8;-12.6;-1.2;23.8;51.2;205.8;72;-;24;185;12.8;5.1
GRH;202204;4.7;9.89;235;798.9;11.1;-11.4;0.6;115.9;73.7;161.2;51;-;129;161;14.5;4.8
GRH;202205;7.9;17.57;246;806.8;18.8;-1.8;7.2;78.3;78.5;175.6;50;-;0;39;27.8;3.8
GRH;202206;9.4;76.64;234;808.0;22.4;1.2;11.3;145.5;72.1;172.5;48;-;0;0;23.0;4.5
GRH;202207;10.3;130.32;271;811.2;22.1;4.1;12.6;74.7;72.5;230.6;64;-;0;0;28.7;4.1
GRH;202208;10.2;111.78;230;808.0;20.7;6.7;12.0;95.4;74.0;211.0;63;-;0;0;21.7;3.7
GRH;202209;7.7;42.59;143;803.5;19.5;-2.0;6.3;133.9;81.6;114.8;39;-;6;0;25.1;4.3
GRH;202210;7.1;36.07;110;810.2;16.9;0.8;8.3;98.0;67.2;132.0;54;-;0;0;18.3;4.8
GRH;202211;4.4;11.74;67;801.5;11.9;-6.4;0.7;91.1;70.0;66.1;42;-;61;11;11.3;5.4
GRH;202212;3.8;6.84;48;798.9;8.7;-13.5;-1.8;106.8;69.7;48.6;37;-;75;38;13.4;6.5
GRH;202301;3.1;4.65;67;800.2;4.5;-16.4;-4.9;95.6;71.6;63.8;44;-;95;67;14.1;5.3
GRH;202302;3.2;8.11;120;807.6;7.6;-12.3;-2.4;86.5;62.6;131.8;67;-;62;76;15.8;4.7
GRH;202303;4.0;7.19;161;798.4;8.6;-11.8;-1.0;288.1;70.4;133.3;47;-;194;120;9.7;5.5
GRH;202304;4.7;4.83;223;799.9;9.0;-10.3;-0.7;236.9;80.6;96.0;31;-;145;169;20.6;4.3
GRH;202305;6.9;18.71;224;804.4;13.5;-1.9;5.0;128.4;79.8;125.0;35;-;38;88;25.6;4.0
GRH;202306;9.0;84.15;283;806.9;18.9;5.3;10.7;72.1;70.4;210.7;59;-;0;0;36.1;4.0
GRH;202307;10.4;83.38;227;807.7;23.8;-41.5;11.6;102.1;77.5;156.0;43;-;0;0;24.8;4.4
GRH;202308;9.8;100.20;198;807.7;24.3;0.2;11.3;196.7;75.0;166.6;50;-;0;0;28.9;4.7
GRH;202309;8.8;95.17;178;809.3;20.8;0.1;11.2;65.1;67.2;191.4;65;-;0;0;11.9;4.1
GRH;202310;6.2;47.08;105;803.7;19.5;-1.9;7.3;159.6;63.9;126.2;51;-;2;0;8.7;5.3
GRH;202311;4.5;5.47;48;796.4;6.6;-10.7;-1.8;339.4;81.9;28.0;18;-;194;42;17.0;6.2
GRH;202312;3.7;6.63;43;801.8;6.5;-13.3;-1.7;337.3;70.8;41.6;32;-;191;153;14.4;6.0
GRH;202401;3.3;5.91;61;802.3;8.2;-15.3;-2.5;172.5;63.8;60.7;42;-;119;181;11.7;5.9