stn;time;tso010m0;pva200m0;ets150m0;gre000m0;prestam0;tre200mx;tre200mn;tre200m0;hns000m0;rre150m0;ure200m0;hto000m0;su2000m0;sremaxmv;fkl010m0;nto000m0;tre005mn;ure200mn
DAV;200001;1.0;3.2;4.94;73;843.2;3.8;-21.8;-6.4;67;72.6;80.6;71;130.4;63;1.3;41;-28.8;-
DAV;200002;0.7;4.0;3.76;100;843.3;8.2;-16.0;-3.0;106;88.4;80.2;101;99.0;42;2.1;62;-20.4;-
DAV;200003;0.5;4.4;5.40;153;840.5;10.0;-12.7;-0.9;105;108.0;76.9;99;123.6;41;2.4;66;-18.8;-
DAV;200004;2.1;5.2;8.46;203;833.7;16.4;-7.9;3.4;50;51.1;69.0;57;130.0;41;2.5;68;-11.3;-
DAV;200005;10.9;7.7;17.52;222;841.7;20.0;-1.7;8.7;0;66.7;70.6;0;140.4;40;2.6;70;-5.8;-
DAV;200006;14.6;9.3;93.58;254;846.0;25.2;-0.1;12.0;0;63.9;68.7;0;200.8;55;3.0;56;-3.9;-
DAV;200007;14.5;9.1;89.42;224;840.6;25.5;0.1;10.3;1;234.0;74.8;0;155.7;43;3.1;71;-3.8;-
DAV;200008;15.6;10.4;114.68;212;845.6;25.3;5.0;13.1;0;185.1;72.4;0;205.8;62;2.6;55;0.2;-
DAV;200009;12.4;8.5;63.05;167;841.8;20.5;0.3;9.4;0;85.0;74.0;0;174.0;57;2.7;56;-4.6;-
DAV;200010;8.4;7.0;18.48;89;840.4;17.4;-1.0;5.9;13;76.4;77.1;0;93.6;35;2.7;69;-6.0;-
DAV;200011;3.3;4.9;8.51;73;834.1;9.9;-9.7;-0.4;113;144.2;82.3;15;91.8;44;2.3;65;-12.9;-
DAV;200012;1.3;4.3;7.54;54;836.3;10.6;-13.7;-1.0;29;14.4;73.4;10;84.0;43;1.8;59;-19.2;-
DAV;200101;0.6;3.9;3.34;62;835.3;6.4;-15.4;-4.0;87;64.1;81.7;35;82.5;40;1.8;64;-22.1;-
DAV;200102;0.7;3.7;4.53;107;838.9;9.5;-17.9;-3.2;108;90.5;76.2;65;112.8;50;2.1;60;-20.6;-
DAV;200103;1.0;5.2;4.25;148;831.7;16.1;-11.3;1.5;63;92.6;76.9;53;100.8;33;2.5;78;-16.3;-
DAV;200104;2.9;4.6;6.31;199;836.1;13.7;-9.3;0.6;92;82.3;74.4;11;97.9;31;2.9;81;-11.6;-
DAV;200105;10.9;7.8;28.39;252;841.4;21.3;-1.2;9.6;0;38.5;67.3;0;191.4;55;2.6;66;-5.5;-
DAV;200106;12.4;8.0;87.00;254;842.9;24.5;-2.4;9.0;23;287.9;71.5;1;181.4;50;2.9;63;-7.2;-
DAV;200107;15.1;10.4;104.20;236;843.3;24.5;3.4;12.5;0;156.2;74.5;0;191.6;53;3.0;64;-2.0;-
DAV;200108;15.6;11.0;110.02;218;845.1;26.1;1.8;13.5;0;159.5;73.3;0;206.6;63;2.9;52;-4.4;-
DAV;200109;10.2;7.2;34.33;129;839.6;17.4;-0.9;5.5;12;137.8;80.1;0;85.3;28;2.8;79;-5.5;-
DAV;200110;8.8;7.3;39.77;128;845.6;23.2;-0.8;8.0;1;52.9;70.6;0;187.4;69;2.0;42;-6.6;-
DAV;200111;3.2;4.5;12.44;72;841.5;12.2;-10.3;-1.5;73;68.1;81.1;7;109.2;52;2.3;58;-15.0;-
DAV;200112;1.1;3.3;6.40;56;840.1;3.8;-20.0;-6.7;45;37.8;79.7;27;96.0;50;1.6;55;-25.3;-
DAV;200201;0.3;3.1;8.89;75;845.5;9.8;-19.6;-4.1;3;13.8;64.8;38;149.6;73;1.2;34;-24.8;-
DAV;200202;0.3;4.3;4.08;101;838.7;10.7;-14.8;-0.8;60;38.1;74.6;36;85.6;38;2.0;71;-19.1;-
DAV;200203;1.0;4.3;9.05;173;839.9;11.7;-12.0;0.6;60;118.6;67.7;28;182.8;60;2.1;54;-17.3;-
DAV;200204;5.1;5.0;8.27;206;836.9;14.3;-5.4;2.7;12;41.0;69.9;1;136.9;43;2.4;71;-10.4;-
DAV;200205;9.5;7.0;21.02;230;839.4;20.2;-2.2;7.5;18;136.3;70.7;1;142.4;41;2.7;71;-5.9;-
DAV;200206;15.2;10.1;94.57;266;843.8;27.7;1.2;13.0;0;99.1;69.5;0;212.7;58;2.5;60;-2.0;-
DAV;200207;15.4;10.5;92.07;216;842.4;23.8;2.3;12.3;0;132.3;75.5;0;167.1;46;2.9;65;-1.7;-
DAV;200208;14.8;10.7;69.29;189;842.0;21.7;3.7;11.6;0;207.4;80.3;0;153.4;46;2.6;67;-1.1;-
DAV;200209;11.9;8.3;44.35;148;842.0;18.5;-4.1;7.1;8;71.1;81.4;0;125.4;41;2.6;68;-8.3;-
DAV;200210;7.2;6.3;28.58;111;839.5;16.4;-6.6;4.6;12;95.2;75.1;1;137.3;51;2.1;63;-10.2;-
DAV;200211;3.4;5.7;5.41;55;835.0;13.4;-9.3;0.9;86;224.7;86.6;7;59.7;28;2.0;79;-12.8;-
DAV;200212;1.5;4.5;4.02;50;837.7;6.5;-11.2;-2.3;52;49.9;85.6;16;71.8;37;1.4;64;-16.0;-
DAV;200301;0.7;3.3;3.99;67;835.6;5.1;-18.4;-6.3;77;45.4;81.7;35;98.9;48;1.5;53;-23.2;-
DAV;200302;0.5;2.4;7.49;127;838.3;6.1;-19.8;-7.4;40;28.6;70.4;68;170.3;76;1.3;30;-23.3;-
DAV;200303;0.9;3.9;11.41;189;844.0;14.0;-10.3;0.6;14;8.1;62.0;36;230.6;76;1.6;37;-13.9;-
DAV;200304;5.1;4.7;11.28;221;838.5;18.8;-14.7;2.5;22;32.4;65.1;1;182.6;58;2.5;61;-16.9;-
DAV;200305;10.7;7.6;22.42;232;843.5;21.9;-1.9;8.7;2;81.4;69.9;0;178.9;51;2.6;66;-4.8;-
DAV;200306;16.3;11.0;101.16;272;845.0;25.6;6.6;15.2;0;111.9;66.8;0;225.7;62;2.3;60;0.7;-
DAV;200307;15.8;10.3;132.41;246;844.5;26.7;3.7;13.3;0;125.9;70.5;0;219.6;61;2.7;56;-1.4;-
DAV;200308;16.1;11.0;149.75;229;846.4;27.3;2.4;15.7;0;105.1;65.8;0;239.0;72;2.2;46;-2.0;-
DAV;200309;11.8;7.7;77.47;173;845.4;22.7;0.0;8.7;0;35.7;71.4;0;184.6;61;2.7;51;-4.9;-
DAV;200310;6.3;5.4;29.10;113;836.3;17.8;-13.2;1.8;55;193.6;76.5;3;141.6;52;2.2;57;-16.8;-
DAV;200311;3.3;5.0;14.82;75;840.4;12.7;-5.3;1.9;22;36.1;72.6;1;109.5;52;1.7;53;-10.9;-
DAV;200312;1.3;3.8;8.39;59;839.7;10.0;-18.5;-2.7;63;44.5;74.5;13;103.9;54;2.1;51;-25.8;-
DAV;200401;1.1;3.5;2.43;59;832.5;2.8;-16.8;-5.8;174;126.0;85.9;69;65.6;32;2.0;69;-20.9;-
DAV;200402;1.0;3.3;4.67;108;839.1;9.3;-19.4;-4.4;84;49.2;75.3;91;112.9;48;1.9;54;-25.5;24.6
DAV;200403;0.8;3.7;7.87;177;840.2;14.8;-17.1;-1.9;33;17.7;71.8;69;166.0;55;2.1;55;-21.3;15.0
DAV;200404;3.7;5.0;8.79;211;835.9;15.4;-7.5;2.7;30;30.3;69.4;15;145.5;46;2.5;68;-9.6;24.4
DAV;200405;8.5;6.1;26.35;234;838.3;20.0;-3.5;5.4;11;64.2;70.9;0;152.8;44;2.5;65;-7.2;18.6
DAV;200406;12.5;8.7;77.19;242;843.8;23.1;0.1;10.0;0;111.5;73.8;0;169.6;47;2.7;67;-3.6;19.2
DAV;200407;14.1;10.0;92.50;221;844.1;24.3;1.0;12.0;0;102.8;73.4;0;159.7;44;2.9;69;-2.8;25.5
DAV;200408;14.5;10.8;78.02;192;842.5;23.2;2.9;12.4;0;196.2;76.5;0;158.2;48;2.5;71;-0.4;27.8
DAV;200409;12.5;9.2;59.71;167;845.6;20.7;-0.3;9.2;3;84.9;79.9;0;167.3;55;2.5;56;-1.3;24.3
DAV;200410;9.3;7.7;25.65;111;838.9;21.0;-3.9;7.0;3;35.8;77.0;0;134.2;50;2.1;65;-7.1;23.9
DAV;200411;3.8;4.7;9.03;71;840.7;16.7;-11.2;-0.9;35;32.1;78.3;5;92.5;44;2.1;65;-16.8;20.7
DAV;200412;0.6;3.5;9.39;63;839.6;8.9;-16.7;-3.4;43;30.4;74.8;19;121.2;63;1.6;40;-23.6;32.4
DAV;200501;0.4;2.9;5.99;70;841.7;6.9;-21.6;-6.5;109;79.9;74.3;52;108.0;52;1.5;50;-25.6;23.1
DAV;200502;0.4;2.7;3.85;118;834.5;3.6;-21.8;-9.0;84;48.7;82.3;96;122.4;55;1.6;56;-27.2;35.2
DAV;200503;0.5;4.2;6.77;170;837.7;13.5;-22.6;-1.7;33;25.9;72.5;78;149.8;49;1.5;62;-28.6;19.6
DAV;200504;4.9;5.0;9.03;207;837.3;18.1;-5.8;3.1;36;35.0;68.0;5;139.4;44;2.6;67;-8.9;13.3
DAV;200505;10.2;7.2;28.08;247;841.7;23.3;-2.0;7.7;1;125.3;69.8;0;185.3;53;2.8;66;-6.6;24.0
DAV;200506;14.6;9.2;100.59;270;844.7;25.9;-2.6;11.9;0;102.6;67.4;0;214.1;59;2.7;64;-8.4;23.9
DAV;200507;15.5;10.3;88.67;217;843.3;27.5;1.2;12.1;0;90.7;75.2;0;152.3;42;3.0;71;-4.0;23.6
DAV;200508;13.5;9.9;61.97;175;843.0;21.5;0.5;10.1;0;192.1;81.0;0;132.6;40;2.8;72;-5.4;30.9
DAV;200509;12.8;9.3;59.70;167;844.2;21.6;0.9;9.6;0;52.5;78.8;0;171.1;56;2.6;63;-3.5;28.2
DAV;200510;8.1;6.4;39.17;126;844.6;20.6;-1.7;6.5;13;45.5;68.1;0;182.1;68;1.7;48;-;17.1
DAV;200511;4.3;4.5;11.68;76;839.1;15.4;-16.0;-1.4;25;22.4;78.4;3;116.4;55;1.9;58;-20.4;25.3
DAV;200512;2.1;3.3;4.09;56;836.6;3.1;-21.9;-6.9;110;102.3;87.2;42;91.0;47;1.7;-;-26.2;36.8
DAV;200601;1.4;2.9;5.86;79;841.3;5.8;-15.7;-6.8;56;27.7;76.5;71;139.1;67;1.2;-;-20.9;28.5
DAV;200602;1.1;3.2;4.28;112;833.7;8.5;-18.2;-5.5;63;37.8;78.4;82;106.7;47;1.9;-;-26.2;20.3
DAV;200603;0.9;3.8;5.72;166;832.6;13.8;-21.7;-3.2;68;61.9;75.1;93;136.9;45;2.0;-;-26.6;20.7
DAV;200604;3.1;5.3;7.26;203;837.6;14.2;-10.1;2.6;56;60.6;73.4;31;131.3;42;2.3;-;-14.5;16.1
DAV;200605;9.6;7.2;14.61;209;841.6;19.8;-2.4;7.1;9;111.5;73.2;0;129.4;37;2.3;-;-;24.0
DAV;200606;-;9.4;103.69;267;845.6;26.9;-3.0;11.9;1;62.8;68.9;0;231.4;66;1.1;-;-;22.5
DAV;200607;-;11.8;155.11;274;847.1;27.5;7.3;16.1;0;89.0;68.0;0;262.3;74;0.9;-;-;14.9
DAV;200608;-;9.2;50.45;152;839.6;21.0;0.7;8.9;0;139.6;82.0;0;108.8;33;0.8;-;-;30.9
DAV;200609;-;10.0;75.52;177;843.3;24.9;0.9;12.0;0;48.4;73.6;0;198.7;66;0.9;-;-;21.3
DAV;200610;-;7.5;34.95;117;841.8;20.7;-2.0;7.9;0;60.4;71.6;0;172.8;65;1.1;-;-;20.4
DAV;200611;-;5.1;13.30;72;843.0;14.3;-9.9;1.5;30;47.5;74.0;2;123.2;59;1.0;-;-;21.4
DAV;200612;-;3.9;10.85;62;845.3;9.6;-11.9;-1.8;39;41.3;70.4;13;133.5;69;1.1;-;-;24.4
DAV;200701;-0.2;4.3;4.00;63;841.3;6.8;-15.8;-2.4;76;82.3;80.0;26;92.9;45;1.6;-;-19.6;23.4
DAV;200702;-0.1;3.7;6.10;104;834.8;11.5;-9.9;-1.0;52;40.5;66.4;33;110.0;49;1.9;-;-12.3;16.3
DAV;200703;0.0;4.0;8.11;171;836.3;12.4;-11.4;-0.3;39;35.9;68.8;37;163.7;54;2.2;-;-13.9;10.3
DAV;200704;7.2;5.9;14.51;252;842.0;19.4;-3.3;7.1;5;20.3;61.9;3;244.2;77;2.0;-;-5.7;15.3
DAV;200705;9.5;7.5;19.35;210;837.5;21.8;-1.3;8.0;12;98.1;72.7;1;141.4;41;2.5;-;-3.7;17.5
DAV;200706;12.5;10.2;59.24;231;839.7;23.6;2.3;11.3;0;130.0;78.4;0;160.7;46;3.0;-;1.3;29.9
DAV;200707;14.8;9.9;120.82;248;842.0;26.3;0.0;12.2;0;117.7;72.1;0;203.7;58;3.2;-;-4.2;15.4
DAV;200708;13.9;10.3;75.47;188;841.5;24.9;2.7;11.2;0;178.5;79.5;0;145.3;44;2.7;-;-0.6;21.3
DAV;200709;10.0;7.5;57.10;172;843.0;20.1;-1.3;6.7;11;108.3;77.9;0;160.9;53;2.6;-;-4.4;21.5
DAV;200710;6.8;6.3;33.83;128;843.5;19.9;-8.5;4.0;2;25.9;75.6;0;175.0;66;2.3;-;-11.9;20.4
DAV;200711;2.1;4.3;9.47;70;838.9;12.9;-17.2;-2.5;153;117.6;81.6;37;91.2;44;2.2;-;-21.9;13.8
DAV;200712;0.8;3.2;9.22;60;841.8;6.8;-17.7;-5.0;80;49.9;72.1;53;114.6;59;1.4;-;-22.6;24.3
DAV;200801;0.4;3.7;5.86;69;841.4;8.5;-17.2;-2.6;53;43.9;70.5;67;110.4;54;1.6;-;-24.2;6.5
DAV;200802;0.2;3.3;9.48;130;845.3;13.7;-13.8;-2.0;20;16.3;61.1;75;176.6;76;1.6;-;-22.8;14.9
DAV;200803;0.2;3.9;5.44;156;830.1;13.1;-18.4;-2.4;88;69.8;75.4;60;115.9;38;2.5;-;-21.6;15.0
DAV;200804;0.9;5.1;5.07;185;833.4;14.3;-12.1;1.1;110;136.9;78.3;54;86.4;27;2.3;-;-12.5;30.3
DAV;200805;9.1;6.9;26.99;250;839.1;22.4;-1.2;8.6;1;51.7;64.6;1;182.4;53;2.1;-;-3.8;17.3
DAV;200806;13.2;10.3;65.48;241;841.9;27.2;0.7;11.4;0;116.5;78.0;0;160.9;46;2.9;-;-2.1;21.2
DAV;200807;14.4;10.3;95.83;227;842.6;23.2;1.6;11.7;0;218.3;76.6;0;183.5;52;2.7;-;-1.0;21.7
DAV;200808;15.0;10.9;89.72;233;842.0;24.3;1.5;12.2;0;160.9;78.1;0;216.7;66;2.9;-;-1.6;24.4
DAV;200809;11.1;8.2;48.64;158;841.2;23.7;-2.8;7.4;0;96.2;80.3;0;153.0;51;2.9;-;-7.1;21.5
DAV;200810;7.3;6.8;27.46;119;841.4;18.2;-5.8;5.1;12;59.1;78.5;1;155.5;58;2.2;-;-8.2;23.4
DAV;200811;2.9;4.7;8.76;70;836.6;12.9;-14.4;-0.9;117;117.0;81.0;18;97.8;47;1.9;-;-17.3;25.5
DAV;200812;1.3;3.8;4.43;52;836.8;6.5;-15.8;-4.4;95;77.1;85.1;57;78.9;41;1.7;-;-20.0;17.5
DAV;200901;0.7;2.7;6.74;74;833.2;3.6;-16.2;-6.9;62;36.6;72.2;78;132.8;65;1.2;-;-22.4;29.5
DAV;200902;0.5;3.3;3.94;102;832.9;7.5;-19.7;-5.6;120;61.3;76.5;103;91.2;41;2.0;-;-24.1;33.6
DAV;200903;0.3;4.0;5.76;162;834.9;8.6;-16.0;-2.4;125;74.1;73.7;115;122.9;41;2.4;-;-22.0;17.7
DAV;200904;2.6;5.3;10.25;229;837.2;13.7;-4.4;4.3;22;47.6;67.5;43;184.3;58;1.9;-;-6.4;24.5
DAV;200905;9.5;7.0;28.61;250;843.6;24.8;-1.6;9.4;0;56.9;64.8;0;190.9;55;2.4;-;-5.3;10.2
DAV;200906;12.0;9.2;51.82;221;841.0;23.9;0.7;10.0;0;125.4;76.3;0;124.1;35;2.9;-;-3.3;17.3
DAV;200907;14.2;10.6;95.59;231;843.3;25.6;0.0;12.6;9;164.3;73.7;0;172.3;49;2.8;-;-0.5;25.1
DAV;200908;15.8;11.4;107.03;230;845.0;26.5;0.9;13.8;0;103.4;75.0;0;217.5;66;2.5;-;-1.8;19.6
DAV;200909;12.6;9.4;65.56;181;844.2;24.1;-0.5;10.2;0;45.0;76.8;0;194.4;64;2.6;-;-3.1;19.7
DAV;200910;7.5;6.0;30.63;117;840.5;23.2;-9.6;4.1;42;62.7;72.8;4;132.9;50;2.2;-;-12.7;8.0
DAV;200911;3.0;5.0;10.76;68;835.6;14.8;-8.3;1.3;40;83.2;76.2;2;89.7;43;1.7;-;-11.0;23.8
DAV;200912;1.3;3.7;4.15;50;829.2;6.8;-21.1;-5.8;73;68.1;83.6;35;63.4;33;1.8;-;-25.7;24.2
DAV;201001;0.5;2.5;6.02;71;831.2;2.4;-18.1;-7.7;32;13.3;71.7;46;110.1;54;1.3;-;-22.6;23.6
DAV;201002;-0.1;3.0;5.53;112;826.3;6.1;-19.4;-5.3;53;30.1;69.5;61;113.9;51;2.0;-;-23.3;13.5
DAV;201003;0.0;3.6;7.25;171;836.7;11.0;-20.3;-2.4;66;48.5;68.7;59;154.9;51;2.0;-;-24.4;6.4
DAV;201004;3.8;5.2;10.34;216;839.6;18.9;-11.9;3.1;36;48.3;69.2;17;182.8;58;2.0;-;-14.7;17.1
DAV;201005;8.2;7.3;12.32;186;836.5;20.5;-2.9;5.4;25;152.8;82.4;1;82.9;24;2.8;-;-6.0;23.0
DAV;201006;12.3;9.4;74.27;232;840.2;22.3;0.2;10.8;2;90.9;75.3;0;158.1;45;2.8;-;-1.9;27.2
DAV;201007;15.4;10.9;128.96;249;844.4;27.8;2.5;14.1;0;112.6;70.8;0;214.2;61;2.7;-;-0.2;20.0
DAV;201008;13.6;10.7;63.41;184;841.9;24.1;0.0;11.1;3;234.4;81.9;0;144.9;44;2.4;-;-0.8;19.8
DAV;201009;10.5;8.0;51.03;157;840.4;18.9;-0.8;7.4;6;93.0;79.6;0;140.5;46;2.4;-;-3.7;23.0
DAV;201010;6.7;6.3;27.71;124;837.7;19.0;-7.9;3.7;26;36.3;78.1;3;158.9;60;2.3;-;-12.8;29.8
DAV;201011;3.3;5.0;7.82;70;830.2;14.1;-16.1;-1.0;102;88.3;83.8;18;84.1;40;1.8;-;-9.2;31.1
DAV;201012;1.4;3.4;4.24;51;831.1;7.8;-19.0;-6.4;79;54.9;84.2;52;71.9;37;1.7;-;-23.0;36.4
DAV;201101;0.5;3.5;5.60;74;838.0;7.5;-18.6;-4.9;50;38.8;76.4;57;121.2;59;1.2;-;-22.3;19.5
DAV;201102;-0.1;3.3;7.33;117;837.9;11.2;-14.4;-2.3;33;17.4;64.4;64;137.6;62;1.3;-;-17.1;9.0
DAV;201103;0.0;4.0;10.06;179;840.7;12.5;-12.3;0.6;8;25.5;64.3;57;202.2;67;1.7;-;-15.8;12.1
DAV;201104;6.1;5.5;13.49;240;841.0;19.0;-6.0;5.5;2;22.0;63.2;2;229.4;72;1.8;-;-9.5;15.6
DAV;201105;9.4;7.1;29.42;249;842.9;20.8;-3.2;8.7;3;126.2;66.2;0;205.5;60;2.1;-;-7.4;14.9
DAV;201106;12.6;9.7;54.12;206;842.4;24.8;1.6;10.7;0;119.7;77.0;0;119.9;34;2.6;-;-1.8;20.3
DAV;201107;13.1;9.5;74.25;198;839.6;24.5;1.6;10.4;0;158.3;76.7;0;124.7;35;2.6;-;-2.9;24.3
DAV;201108;14.5;10.5;123.58;234;843.3;28.5;0.3;13.5;0;128.5;70.5;0;226.7;69;2.3;-;-3.6;20.3
DAV;201109;11.9;9.8;63.17;179;844.3;23.3;-0.4;10.5;29;129.1;78.0;1;199.5;66;2.1;-;-4.2;26.7
DAV;201110;6.3;5.9;41.05;139;843.8;21.0;-8.0;4.3;52;111.1;71.0;3;199.5;75;2.0;-;-12.5;17.5
DAV;201111;2.5;4.3;23.95;88;843.2;14.3;-4.6;2.8;0;0.0;56.7;0;160.9;77;1.2;-;-10.4;17.0
DAV;201112;0.8;4.1;4.73;45;838.1;9.0;-16.1;-3.1;292;193.7;82.6;44;70.1;36;1.8;-;-19.4;31.0
DAV;201201;0.8;3.7;2.71;59;840.4;3.7;-18.2;-5.1;240;175.9;85.8;136;77.3;38;1.6;-;-22.2;29.2
DAV;201202;0.6;2.7;3.96;114;839.7;9.9;-27.4;-9.5;53;47.4;81.2;141;134.0;58;1.8;-;-29.4;24.5
DAV;201203;0.2;4.2;10.30;188;846.0;13.3;-10.8;1.0;35;26.3;65.8;110;212.6;70;1.5;-;-14.5;13.1
DAV;201204;1.4;5.0;8.75;209;830.2;19.4;-9.9;2.7;43;68.3;70.5;47;128.5;41;2.6;-;-12.3;20.6
DAV;201205;8.9;7.0;24.59;249;840.1;22.4;-5.8;7.9;10;48.1;67.9;0;172.5;50;2.2;-;-8.2;21.0
DAV;201206;12.8;9.7;82.69;246;841.4;26.6;0.7;12.0;0;186.0;72.1;0;171.9;49;2.4;-;-1.8;21.5
DAV;201207;14.8;11.1;76.77;227;842.7;25.7;0.9;12.4;0;168.1;79.0;0;162.7;46;2.9;-;-1.8;24.3
DAV;201208;15.1;11.2;116.88;229;844.7;27.3;2.7;14.0;0;155.9;72.3;0;219.2;66;2.4;-;-0.6;22.4
DAV;201209;11.8;8.8;62.62;168;841.8;20.6;-1.2;9.2;0;88.4;76.8;0;176.9;58;2.5;-;-4.4;11.4
DAV;201210;8.1;6.9;27.30;113;837.8;20.7;-10.4;5.4;29;101.4;77.0;2;146.5;55;1.9;-;-13.9;10.4
DAV;201211;3.1;4.8;13.49;72;836.4;11.7;-9.6;1.5;18;56.4;71.3;1;104.8;50;1.6;-;-12.0;21.8
DAV;201212;0.9;3.6;4.80;51;835.0;8.2;-17.6;-4.7;202;110.1;79.1;42;64.4;33;1.8;-;-23.6;36.8
DAV;201301;0.7;3.4;4.67;64;834.0;6.7;-18.7;-4.7;57;39.0;74.9;59;80.7;39;1.6;-;-21.8;17.9
DAV;201302;0.6;2.6;5.08;112;831.3;5.6;-20.4;-7.8;78;39.9;72.7;82;103.9;47;1.7;-;-23.1;18.7
DAV;201303;0.3;3.7;6.34;153;828.1;9.0;-17.1;-1.8;50;31.6;68.1;66;113.0;37;2.0;-;-19.6;15.2
DAV;201304;2.5;5.6;8.93;209;836.8;17.0;-11.9;3.8;27;37.0;70.3;31;151.9;48;2.0;-;-14.4;22.8
DAV;201305;7.8;6.7;10.69;184;835.1;17.3;-2.9;5.4;18;142.9;76.4;0;86.9;25;2.6;-;-4.0;31.7
DAV;201306;10.9;8.9;66.58;238;842.5;26.5;-0.3;9.9;0;106.5;74.6;0;155.6;44;2.4;-;-3.7;23.6
DAV;201307;14.7;10.9;136.79;275;845.6;27.6;3.6;14.4;0;62.7;69.2;0;239.8;68;2.4;-;0.2;21.8
DAV;201308;14.3;10.2;113.68;222;844.2;27.6;2.6;13.0;0;95.9;72.1;0;196.8;60;2.5;-;-0.1;14.1
DAV;201309;11.4;8.7;57.06;154;841.6;22.0;-0.4;9.0;0;130.2;76.8;0;142.3;47;2.2;-;-3.2;16.3
DAV;201310;8.1;7.8;19.72;110;841.7;18.2;-3.8;6.4;29;115.6;81.1;3;124.0;46;1.9;-;-7.8;20.5
DAV;201311;3.1;4.7;7.17;74;836.1;10.9;-16.1;-1.9;64;93.9;84.7;15;99.4;48;2.0;-;-18.7;38.2
DAV;201312;0.7;3.5;12.73;63;843.3;7.8;-13.0;-2.0;31;28.6;65.2;29;130.5;67;1.5;-;-16.6;22.5
DAV;201401;0.7;4.2;3.37;60;832.6;6.7;-15.0;-2.6;80;55.0;81.2;48;74.1;36;1.5;-;-18.0;20.1
DAV;201402;0.5;3.9;4.48;104;832.4;8.0;-10.8;-2.1;91;66.2;74.4;76;101.6;46;2.1;-;-14.8;21.5
DAV;201403;0.3;3.9;10.89;179;838.2;14.1;-11.4;0.7;44;35.4;64.5;67;199.7;66;1.8;-;-13.5;14.6
DAV;201404;5.1;5.7;8.69;199;837.0;15.9;-6.1;4.4;5;36.4;69.1;9;144.4;46;2.2;-;-9.0;12.1
DAV;201405;8.7;6.6;21.21;237;839.3;19.9;-2.3;6.4;11;48.0;71.3;0;154.8;45;2.8;-;-4.8;20.5
DAV;201406;12.6;8.9;82.87;257;842.2;27.1;0.2;11.4;0;152.1;69.2;0;191.9;55;2.5;-;-3.0;18.6
DAV;201407;13.5;10.6;77.94;198;841.0;25.4;1.3;11.8;0;173.3;79.3;0;135.0;38;2.4;-;-1.6;19.0
DAV;201408;13.5;10.1;55.89;170;840.9;21.7;1.2;10.4;0;167.3;80.9;0;120.5;36;2.7;-;-1.5;26.5
DAV;201409;11.7;9.1;42.02;152;842.8;20.2;-1.9;9.2;0;60.2;79.1;0;130.3;43;2.1;-;-4.9;24.3
DAV;201410;8.1;7.6;23.63;109;842.4;18.7;-5.9;6.4;54;102.4;78.1;7;129.7;49;1.7;-;-8.8;30.0
DAV;201411;3.5;6.0;10.15;71;836.1;13.3;-5.7;3.5;41;75.6;77.7;5;94.9;46;1.7;-;-8.1;33.3
DAV;201412;1.2;4.3;4.90;47;839.5;9.0;-17.1;-2.2;59;49.6;80.1;7;60.1;31;1.8;-;-21.0;21.4
DAV;201501;0.1;3.6;4.57;68;837.6;8.8;-16.0;-4.1;65;87.6;77.7;35;103.0;50;1.9;-;-19.3;12.9
DAV;201502;0.0;2.8;5.87;110;834.7;5.9;-15.6;-5.5;42;22.7;70.1;61;118.9;53;1.5;-;-18.7;15.6
DAV;201503;0.1;4.0;8.03;163;839.9;10.3;-14.0;-0.2;80;76.7;67.7;64;159.4;53;2.0;-;-16.7;14.2
DAV;201504;3.0;4.6;13.39;233;841.7;16.8;-11.7;3.1;64;45.1;62.9;32;200.1;63;2.0;-;-14.0;15.0
DAV;201505;9.1;7.4;20.45;212;840.6;22.0;-1.7;7.7;1;136.2;73.3;0;132.7;39;2.5;-;-4.9;14.4
DAV;201506;12.7;9.5;74.22;235;844.3;24.2;3.1;11.8;0;95.5;71.3;0;157.2;45;2.2;-;-0.2;22.6
DAV;201507;16.1;11.6;151.79;283;844.3;29.3;3.6;16.0;0;75.7;66.8;0;248.4;71;2.9;-;0.3;16.2
DAV;201508;15.3;11.3;103.78;215;843.6;26.8;4.6;14.1;0;90.2;73.2;0;187.3;57;2.4;-;1.9;24.4
DAV;201509;11.0;8.1;47.52;163;841.4;22.1;-1.7;7.6;0;130.0;78.9;0;153.5;51;3.0;-;-3.7;26.3
DAV;201510;7.4;6.5;25.20;121;840.3;17.3;-5.5;4.5;25;67.1;78.3;1;142.9;54;2.0;-;-9.5;16.4
DAV;201511;4.0;4.9;19.26;83;843.3;16.5;-12.3;2.2;13;21.6;68.2;2;141.7;68;1.5;-;-15.9;10.9
DAV;201512;0.5;4.0;13.43;64;849.6;10.0;-9.1;0.5;4;17.6;64.0;4;147.0;76;1.0;-;-11.8;21.4
DAV;201601;-0.2;3.9;3.64;59;835.8;7.1;-19.9;-3.7;122;90.2;79.9;32;79.0;39;1.3;-;-25.2;28.4
DAV;201602;-0.1;4.1;3.43;95;833.8;8.8;-13.7;-2.1;125;86.0;77.7;72;79.7;34;2.1;-;-17.1;28.0
DAV;201603;0.1;3.6;8.44;182;834.1;12.1;-12.8;-1.7;72;42.5;68.3;84;182.7;60;2.2;-;-15.3;20.6
DAV;201604;3.4;5.2;8.04;198;835.4;16.9;-8.6;3.5;60;89.3;68.4;16;122.7;39;2.6;-;-11.6;15.2
DAV;201605;7.4;6.6;22.11;215;837.8;20.8;-3.5;6.4;7;124.1;71.0;0;137.3;40;2.4;-;-5.6;21.6
DAV;201606;12.3;9.7;54.31;222;840.7;26.6;0.2;10.4;1;219.7;79.4;0;126.0;36;2.3;-;-1.6;19.6
DAV;201607;15.1;11.0;101.81;241;844.9;25.8;0.2;13.1;0;142.0;75.0;0;186.8;53;2.5;-;-0.2;18.8
DAV;201608;14.9;11.0;92.24;215;846.1;25.4;3.2;12.8;0;141.0;76.4;0;191.5;58;2.3;-;0.6;26.9
DAV;201609;12.9;9.5;63.36;179;844.6;21.3;2.9;10.5;0;120.0;76.8;0;193.3;64;2.2;-;0.1;29.0
DAV;201610;7.6;6.3;19.75;105;842.2;15.8;-4.5;3.9;4;46.9;78.0;0;107.5;40;2.2;-;-7.2;18.0
DAV;201611;3.6;4.9;9.58;70;837.6;14.3;-11.3;0.6;39;45.1;75.6;7;78.5;38;2.0;-;-14.6;24.6
DAV;201612;-0.1;3.3;16.40;69;848.5;9.5;-8.3;-1.2;6;6.2;58.3;0;164.0;85;1.1;-;-11.7;19.0
DAV;201701;-1.0;2.6;6.50;74;839.2;4.1;-19.4;-7.4;112;83.7;72.2;29;126.7;62;1.3;-;-21.5;19.6
DAV;201702;-0.7;3.9;5.66;109;838.5;11.2;-13.6;-1.4;39;43.1;71.8;53;118.6;53;1.5;-;-17.0;19.6
DAV;201703;-0.5;4.7;8.68;175;839.7;14.7;-9.8;1.9;63;89.9;70.3;54;180.1;60;1.7;-;-13.3;17.8
DAV;201704;3.1;4.9;10.32;220;840.0;15.6;-9.7;2.5;48;50.1;68.5;3;169.3;53;2.6;-;-12.4;20.2
DAV;201705;8.5;7.2;31.62;253;841.2;23.8;-2.5;8.5;13;80.5;67.9;0;184.9;54;2.3;-;-5.4;17.6
DAV;201706;14.0;10.6;87.54;263;842.6;25.6;-0.9;13.4;0;181.5;71.0;0;200.7;57;2.4;-;-3.5;16.7
DAV;201707;15.3;10.9;98.31;240;843.4;25.9;4.2;13.2;0;124.1;74.2;0;175.7;50;2.6;-;2.6;22.6
DAV;201708;15.0;11.2;99.07;203;845.0;26.8;1.8;13.9;0;148.3;72.6;0;176.1;53;2.5;-;-1.2;22.8
DAV;201709;10.6;7.8;37.89;143;840.8;17.0;-2.3;6.5;2;161.9;81.1;0;115.0;38;2.3;-;-5.8;27.8
DAV;201710;7.7;6.2;38.27;125;845.1;20.2;-5.5;5.6;15;76.5;70.7;1;175.0;66;2.1;-;-9.0;16.6
DAV;201711;2.9;4.4;9.56;71;837.8;11.6;-12.8;-1.5;82;64.0;78.8;13;86.9;42;1.8;-;-16.4;31.6
DAV;201712;1.4;3.6;5.39;51;836.8;6.4;-15.8;-5.0;115;89.4;81.2;40;81.7;42;1.9;-;-19.0;36.5
DAV;201801;1.0;4.1;4.25;64;837.3;7.5;-11.6;-2.5;250;262.9;79.6;107;97.4;48;1.6;-;-15.4;32.5
DAV;201802;0.7;2.8;4.13;110;831.6;5.5;-24.3;-7.9;40;24.3;76.7;124;101.3;45;1.8;-;-26.6;25.6
DAV;201803;0.4;4.1;4.73;156;826.6;9.7;-15.6;-1.6;79;48.5;74.9;113;99.8;33;2.2;-;-19.0;25.3
DAV;201804;3.2;5.5;13.04;237;838.6;19.2;-7.7;5.9;4;33.4;61.8;46;197.0;62;1.9;-;-9.9;12.5
DAV;201805;9.7;8.4;19.06;213;839.6;21.0;0.1;9.2;1;65.3;74.2;0;136.0;39;2.1;-;-2.2;29.3
DAV;201806;13.5;10.0;81.87;270;842.0;23.6;1.5;12.1;0;87.3;72.5;0;197.4;56;2.7;-;-1.9;31.2
DAV;201807;14.9;10.5;135.59;255;843.1;26.2;4.5;14.3;0;80.4;67.7;0;208.2;59;2.4;-;1.1;14.5
DAV;201808;15.4;11.3;99.83;219;844.6;26.1;2.2;14.0;0;100.1;72.5;0;183.2;55;2.5;-;-0.7;18.0
DAV;201809;12.9;9.2;79.55;195;846.0;22.5;-2.1;10.9;0;66.2;72.1;0;212.8;70;2.5;-;-5.4;17.0
DAV;201810;8.4;6.6;38.54;123;841.6;19.1;-2.5;6.6;41;126.4;69.1;3;168.2;63;2.2;-;-7.3;22.4
DAV;201811;3.4;5.0;15.13;80;838.7;14.6;-9.1;2.0;13;14.6;70.2;1;122.9;59;1.8;-;-12.8;22.7
DAV;201812;1.6;4.2;4.93;52;841.4;8.2;-15.4;-3.3;103;173.4;82.9;27;83.8;43;1.7;-;-19.6;41.0
DAV;201901;1.1;2.8;4.04;66;834.2;2.1;-17.9;-7.6;209;170.8;78.1;97;91.1;44;2.0;-;-21.4;37.3
DAV;201902;-;3.3;8.43;130;843.6;11.1;-12.7;-1.8;48;33.5;63.5;113;166.0;75;1.5;-;-15.8;15.8
DAV;201903;-;3.8;9.79;179;840.6;12.4;-11.2;-0.2;128;94.1;65.5;111;182.7;60;2.1;-;-15.1;7.5
DAV;201904;-;5.0;9.32;210;836.0;15.6;-6.4;3.1;42;71.9;68.2;64;139.6;44;2.4;-;-6.9;11.2
DAV;201905;-;6.0;15.33;208;837.2;15.4;-7.1;4.2;11;135.4;73.2;1;101.6;30;2.6;-;-9.3;16.9
DAV;201906;14.3;9.4;130.13;292;843.6;29.8;3.3;14.5;0;66.2;61.0;0;239.5;68;2.6;-;0.3;13.2
DAV;201907;15.7;11.1;112.26;244;842.8;27.8;4.2;14.1;0;119.2;71.3;0;193.6;55;2.5;-;1.6;15.6
DAV;201908;15.3;11.3;92.21;211;844.5;25.8;4.0;13.4;0;197.8;75.9;0;188.5;57;2.4;-;1.0;20.9
DAV;201909;12.0;8.9;59.52;163;844.1;21.4;-0.1;9.3;0;97.0;77.6;0;165.4;55;2.3;-;-0.9;21.3
DAV;201910;8.3;7.5;26.98;106;841.0;20.6;-1.9;7.1;0;123.2;75.5;0;122.1;46;2.0;-;-5.2;22.9
DAV;201911;3.1;5.1;7.39;68;829.5;13.0;-9.8;0.1;83;115.7;81.9;16;77.5;37;1.9;-;-12.4;21.1
DAV;201912;1.0;4.1;7.50;54;837.3;9.9;-11.8;-1.7;98;89.3;76.1;37;89.3;46;2.1;-;-15.8;34.5
DAV;202001;0.5;3.3;8.23;74;844.9;7.6;-15.8;-2.7;52;36.2;65.7;53;136.4;67;1.1;-;-20.0;21.8
DAV;202002;0.4;4.0;4.90;103;840.2;11.5;-14.7;-1.5;82;95.7;71.6;73;105.3;45;2.9;-;-19.2;22.8
DAV;202003;0.2;4.1;8.19;175;837.3;12.5;-11.8;-0.5;63;60.6;69.9;80;170.4;56;2.9;-;-15.8;19.3
DAV;202004;5.6;5.1;16.03;247;839.8;18.1;-10.5;6.0;0;42.4;56.2;18;230.7;73;2.6;-;-13.5;8.9
DAV;202005;10.3;7.0;28.15;248;842.0;21.9;-2.4;7.8;0;70.4;69.1;0;189.5;55;3.5;-;-5.3;13.7
DAV;202006;11.8;9.4;54.67;208;839.5;23.6;0.0;10.1;1;152.7;77.4;0;124.2;35;3.4;-;-1.3;22.3
DAV;202007;15.6;10.7;118.83;260;844.0;27.2;3.5;13.4;0;95.9;71.8;0;211.2;60;3.7;-;0.6;19.4
DAV;202008;15.4;11.1;94.22;200;842.3;25.6;3.0;13.2;0;166.3;75.1;0;174.5;53;3.4;-;-0.7;23.5
DAV;202009;12.3;9.6;61.74;174;842.6;23.2;-3.6;10.0;29;119.2;78.6;2;184.5;61;3.0;-;-0.8;30.1
DAV;202010;6.4;6.1;21.83;104;838.0;15.5;-4.5;3.7;45;110.2;78.0;3;114.7;43;3.1;-;-9.9;19.3
DAV;202011;3.0;4.9;18.77;87;845.6;15.9;-9.2;2.1;1;6.5;67.2;0;160.1;77;2.2;-;-12.1;22.5
DAV;202012;0.3;4.0;4.81;47;831.1;6.6;-13.9;-3.3;101;75.8;80.2;38;64.5;33;2.4;-;-18.8;26.4
DAV;202101;0.2;3.1;4.38;60;831.4;5.5;-18.8;-6.6;236;158.4;78.1;80;81.0;40;2.0;-;-22.5;27.8
DAV;202102;0.5;3.9;6.65;122;839.4;11.8;-18.3;-1.6;25;24.2;70.2;105;146.5;66;2.0;-;-22.1;11.0
DAV;202103;0.3;3.4;9.54;179;841.3;15.4;-15.0;-1.6;95;50.4;64.7;104;173.3;57;2.3;-;-18.1;14.7
DAV;202104;0.7;4.3;10.46;227;838.2;13.5;-10.8;0.9;21;30.3;65.3;70;170.7;54;2.8;-;-13.4;21.8
DAV;202105;7.0;5.9;23.30;235;837.6;18.0;-3.7;5.0;13;91.2;69.9;3;141.8;41;3.3;-;-6.4;17.4
DAV;202106;13.5;9.7;93.23;265;843.8;26.6;2.5;13.2;0;48.2;67.1;0;192.6;55;2.9;-;-1.5;17.9
DAV;202107;14.4;11.1;78.20;209;842.1;24.8;4.5;12.5;0;182.8;79.0;0;149.4;42;3.1;-;1.9;24.7
DAV;202108;14.5;10.5;72.32;199;842.7;26.5;4.3;11.5;0;157.2;79.5;0;158.2;48;3.3;-;2.5;21.9
DAV;202109;12.7;9.4;71.05;187;844.7;21.2;0.9;10.5;0;54.4;75.4;0;204.4;68;2.7;-;-1.3;21.9
DAV;202110;7.0;5.7;35.70;120;843.1;19.8;-5.2;4.7;2;12.1;67.8;0;158.5;59;2.7;-;-7.1;14.8
DAV;202111;2.1;4.7;9.41;75;837.1;11.6;-10.0;-1.0;68;95.8;81.5;16;104.2;50;2.1;-;-12.0;36.0
DAV;202112;0.2;3.8;7.34;55;836.9;6.6;-13.5;-3.0;50;51.6;75.9;39;92.5;48;1.9;-;-16.3;25.3
DAV;202201;-0.8;3.1;6.89;72;843.9;8.9;-16.5;-4.1;64;35.5;67.9;52;118.8;58;2.0;-;-21.7;16.2
DAV;202202;-0.6;3.5;5.66;108;841.0;11.6;-16.6;-3.4;110;85.6;70.5;95;114.4;51;2.5;-;-20.0;10.4
DAV;202203;-0.4;3.2;14.39;192;842.4;13.5;-15.1;0.0;5;5.0;53.7;78;234.7;78;2.0;-;-17.6;6.9
DAV;202204;3.2;4.9;11.61;226;835.4;17.4;-9.5;3.3;13;33.9;66.1;19;182.5;58;2.4;-;-12.0;11.5
DAV;202205;10.8;8.6;19.31;238;842.8;24.3;-0.5;9.7;0;67.4;73.7;0;161.2;47;2.4;-;-2.6;22.9
DAV;202206;13.8;10.4;90.98;251;843.6;26.7;3.2;13.5;0;131.1;70.3;0;197.1;56;2.5;-;-1.8;21.6
DAV;202207;16.3;11.0;143.17;268;846.7;27.8;4.3;14.8;0;92.7;68.1;0;229.7;65;2.6;-;0.6;18.2
DAV;202208;16.1;11.0;129.90;241;843.4;26.2;5.9;14.3;0;85.8;70.5;0;232.5;70;2.4;-;2.3;20.5
DAV;202209;11.9;8.4;49.87;152;839.4;22.6;-2.0;8.1;1;114.4;77.8;0;126.8;42;2.4;-;-4.8;19.2
DAV;202210;9.2;8.0;32.26;119;846.4;20.4;0.2;8.6;0;98.1;73.8;0;160.7;60;1.6;-;-2.5;18.4
DAV;202211;3.9;5.1;10.67;71;838.4;13.4;-7.8;1.3;46;42.8;76.0;4;97.6;47;1.7;-;-10.9;21.5
DAV;202212;1.0;4.2;5.77;54;836.1;9.1;-17.1;-2.5;29;39.1;79.8;13;87.1;45;1.4;-;-20.9;30.1
DAV;202301;0.2;3.4;5.22;70;837.7;9.1;-16.1;-4.3;41;18.3;73.9;20;102.7;50;1.7;-;-19.5;20.4
DAV;202302;-0.1;3.5;7.23;124;845.0;12.2;-15.6;-2.2;35;23.0;66.5;34;147.9;66;1.5;-;-20.1;17.7
DAV;202303;0.5;4.5;7.17;159;835.0;14.3;-8.7;0.9;66;71.9;70.7;23;152.9;51;2.1;-;-12.1;7.9
DAV;202304;4.4;5.1;7.68;211;836.7;15.6;-8.3;2.1;50;85.2;72.7;2;134.7;43;2.4;-;-11.2;18.3
DAV;202305;10.4;7.8;17.87;220;840.6;18.7;-0.4;7.9;0;112.5;75.9;0;131.0;38;2.3;-;-2.7;19.8
DAV;202306;14.4;9.6;93.18;266;842.4;27.3;3.6;13.0;0;76.4;66.8;0;197.8;56;2.4;-;-1.9;19.8
DAV;202307;16.0;11.4;96.44;238;843.1;28.5;2.4;14.0;0;118.8;73.6;0;170.9;48;2.8;-;-0.8;19.6
DAV;202308;15.3;11.0;96.39;200;843.1;28.5;2.6;13.6;0;218.6;73.6;0;162.9;49;2.5;-;-1.4;20.8
DAV;202309;13.7;10.5;77.43;192;845.0;24.1;0.5;12.4;0;69.6;74.1;0;214.8;71;2.2;-;-2.8;25.3
DAV;202310;9.7;7.4;40.40;120;839.6;23.3;-2.8;8.2;0;105.7;70.1;0;157.5;59;2.1;-;-6.1;15.1
DAV;202311;3.3;4.9;5.64;62;832.9;9.6;-13.1;-1.1;105;137.1;84.3;9;60.2;29;2.1;-;-15.7;24.6
DAV;202312;1.6;4.4;4.67;51;838.7;5.6;-16.2;-2.2;145;166.1;82.8;57;75.1;39;1.6;-;-14.0;34.5
DAV;202401;0.9;3.8;5.30;71;839.5;8.3;-18.4;-3.5;56;66.5;76.0;77;111.4;54;1.4;-;-21.6;20.4