stn;time;pva200m0;gre000m0;prestam0;tre200mx;tre200mn;tre200m0;rre150m0;ure200m0;su2000m0;sremaxmv;fkl010m0;ets150m0;nto000m0;tre005mn;hns000m0;hto000m0;ure200mn
LUZ;200001;5.3;35;971.8;11.8;-9.3;0.1;19.8;84.6;41.6;19;1.3;1.61;84;-15.2;15;2;-
LUZ;200002;6.5;67;970.2;15.8;-3.7;3.9;84.1;79.9;87.5;34;1.4;5.57;66;-6.7;1;0;-
LUZ;200003;7.0;104;967.1;19.7;-2.9;6.3;74.7;73.1;120.9;36;1.5;22.38;65;-6.6;0;0;-
LUZ;200004;8.2;168;955.7;25.5;-0.7;10.4;44.4;67.2;165.7;44;1.8;51.79;65;-4.9;0;0;-
LUZ;200005;12.1;180;963.2;27.8;5.6;15.4;91.6;71.0;153.2;35;1.4;56.42;70;0.1;0;0;-
LUZ;200006;14.0;228;967.0;30.7;8.2;18.4;115.6;68.1;224.3;51;1.3;92.44;51;3.8;0;0;-
LUZ;200007;14.3;184;961.9;29.4;6.1;16.5;245.4;77.1;156.1;35;1.4;57.13;68;2.2;0;0;-
LUZ;200008;16.6;190;965.5;31.3;11.2;19.2;184.1;76.4;230.1;57;1.2;69.78;47;6.5;0;0;-
LUZ;200009;13.8;153;962.9;25.7;5.8;15.3;116.8;80.4;191.3;55;1.3;37.14;52;2.2;0;0;-
LUZ;200010;11.1;58;963.1;17.3;1.8;10.3;80.2;88.2;50.9;17;1.0;7.62;88;-2.6;0;0;-
LUZ;200011;7.7;49;957.3;14.6;-2.8;5.5;72.2;85.5;66.4;29;1.1;7.17;70;-6.5;0;0;-
LUZ;200012;6.8;32;960.5;14.7;-5.3;3.6;23.3;85.2;38.3;19;1.1;3.10;83;-10.7;2;0;-
LUZ;200101;6.0;39;960.9;9.2;-5.4;1.7;87.9;85.0;58.5;26;1.1;2.02;79;-10.7;4;0;-
LUZ;200102;5.8;72;965.1;14.5;-7.8;3.5;29.3;73.5;87.5;35;1.5;6.43;74;-14.7;14;1;-
LUZ;200103;8.4;89;955.0;22.5;-4.6;7.5;171.5;80.9;63.4;19;1.7;11.75;85;-9.9;2;0;-
LUZ;200104;7.7;129;961.2;20.0;-1.2;7.3;167.9;76.5;79.8;21;1.5;24.89;79;-6.3;2;0;-
LUZ;200105;12.6;198;962.6;29.5;5.5;15.8;92.1;71.7;190.3;44;1.4;67.35;60;0.6;0;0;-
LUZ;200106;12.8;206;965.0;30.3;4.8;15.8;241.3;73.0;199.6;45;1.4;78.03;57;1.4;0;0;-
LUZ;200107;15.6;217;963.3;30.8;10.9;19.2;140.7;71.5;227.1;51;1.5;86.62;50;7.9;0;0;-
LUZ;200108;17.1;187;964.8;31.4;9.3;19.5;187.6;77.0;217.3;54;1.2;65.29;48;6.4;0;0;-
LUZ;200109;11.7;102;962.6;22.5;3.0;12.0;167.7;83.6;83.5;24;1.3;19.52;77;0.1;0;0;-
LUZ;200110;12.7;101;966.9;23.9;3.8;12.8;77.1;86.6;167.0;56;0.9;17.76;50;0.5;0;0;-
LUZ;200111;6.7;33;968.6;14.8;-5.1;3.5;75.5;84.2;29.4;13;1.2;5.14;88;-9.8;7;0;-
LUZ;200112;5.4;32;968.9;12.1;-12.1;0.6;33.1;78.7;40.2;20;1.5;4.13;87;-18.3;10;1;-
LUZ;200201;5.4;47;972.9;15.2;-9.4;0.6;9.1;83.6;77.9;35;1.2;2.54;76;-13.0;0;0;-
LUZ;200202;6.7;68;964.2;16.0;-5.3;5.5;97.8;75.2;75.1;30;2.0;5.24;78;-9.6;1;0;-
LUZ;200203;6.9;127;964.8;20.6;-3.6;7.3;47.8;69.0;154.1;45;1.7;30.02;59;-7.2;0;0;-
LUZ;200204;7.7;166;961.1;20.7;0.2;9.3;77.5;67.0;164.6;44;1.6;53.55;62;-5.4;0;0;-
LUZ;200205;11.0;176;961.7;29.1;4.2;13.3;149.6;74.3;151.9;35;1.2;55.57;66;1.0;0;0;-
LUZ;200206;15.6;232;963.8;33.7;7.2;19.4;235.4;70.5;238.6;54;1.4;93.03;50;4.0;0;0;-
LUZ;200207;15.6;202;962.9;29.8;8.9;18.6;189.8;74.1;193.3;44;1.4;72.09;60;5.6;0;0;-
LUZ;200208;16.2;162;962.7;28.7;10.8;17.8;161.7;80.5;155.1;38;1.2;45.44;62;7.8;0;0;-
LUZ;200209;12.9;109;964.8;24.5;2.8;13.1;163.3;84.6;98.9;28;1.2;21.00;74;-0.2;0;0;-
LUZ;200210;10.2;82;962.2;22.9;1.5;10.1;91.2;82.3;112.7;38;1.4;17.51;69;-3.8;0;0;-
LUZ;200211;8.6;37;958.2;15.9;-0.9;6.3;174.7;89.7;36.9;16;1.1;4.03;84;-4.8;0;0;-
LUZ;200212;7.3;20;962.8;14.5;-1.7;3.9;62.6;89.2;12.4;6;1.2;1.68;95;-4.7;1;0;-
LUZ;200301;5.3;34;963.2;16.7;-9.9;0.6;48.2;81.0;36.7;16;1.8;1.87;88;-17.5;13;0;-
LUZ;200302;4.3;71;966.4;12.2;-9.6;-1.3;30.7;77.4;72.8;29;1.5;5.59;77;-19.4;15;2;-
LUZ;200303;6.6;148;969.2;19.2;-3.1;7.2;62.6;65.8;211.0;62;1.5;39.46;44;-8.0;0;0;-
LUZ;200304;7.7;179;962.2;24.5;-5.8;9.6;71.9;65.2;199.3;53;2.0;63.96;53;-10.7;5;0;-
LUZ;200305;12.5;181;965.3;27.4;2.9;14.9;127.2;74.9;152.4;35;1.4;51.32;69;-2.6;0;0;-
LUZ;200306;17.4;265;963.7;34.3;12.5;22.2;146.7;67.4;272.4;62;1.5;103.48;44;8.8;0;0;-
LUZ;200307;15.7;230;964.3;32.9;11.7;20.4;123.9;67.7;246.6;56;1.6;105.81;46;6.9;0;0;-
LUZ;200308;16.5;222;964.8;35.8;9.4;22.7;60.8;62.6;286.2;71;1.4;120.57;34;4.2;0;0;-
LUZ;200309;12.8;151;967.5;26.9;7.2;15.0;50.2;76.3;192.2;56;1.3;45.44;52;2.9;0;0;-
LUZ;200310;8.8;65;960.4;21.8;-3.8;7.2;131.6;83.8;73.0;24;1.4;11.85;77;-6.8;0;0;-
LUZ;200311;8.0;46;964.2;13.8;-0.9;5.2;70.2;90.5;60.0;26;0.9;4.65;77;-4.5;0;0;-
LUZ;200312;5.7;36;965.7;13.0;-9.0;1.0;33.4;84.8;65.4;32;1.4;4.01;69;-13.0;11;1;-
LUZ;200401;5.7;35;959.4;15.1;-6.2;1.6;96.3;81.4;26.0;12;1.7;1.85;88;-11.7;18;2;-
LUZ;200402;5.3;78;966.5;14.3;-9.7;1.8;39.3;76.0;98.8;38;1.6;5.74;68;-14.7;23;2;39.3
LUZ;200403;6.2;121;966.9;21.2;-6.3;4.4;90.4;73.8;130.5;38;1.6;24.66;63;-11.5;5;1;21.8
LUZ;200404;7.8;171;959.7;22.9;-0.1;9.7;104.3;66.8;162.4;43;1.8;52.40;66;-4.4;0;0;23.4
LUZ;200405;9.7;201;961.7;27.0;2.4;12.4;129.8;69.6;193.4;45;1.5;77.69;57;-2.4;0;0;21.8
LUZ;200406;13.8;180;965.6;30.2;8.6;16.7;180.9;74.3;151.5;34;1.4;62.55;68;2.7;0;0;29.5
LUZ;200407;15.4;206;964.8;30.1;9.4;18.4;119.8;73.1;188.2;43;1.4;71.35;61;4.0;0;0;32.6
LUZ;200408;16.3;184;962.2;30.8;11.1;19.1;109.3;74.4;177.2;44;1.5;59.12;58;7.2;0;0;29.2
LUZ;200409;13.7;142;967.8;27.3;6.8;15.7;78.0;77.2;166.5;48;1.4;42.83;57;4.0;0;0;33.5
LUZ;200410;12.0;75;960.4;23.8;4.0;11.8;78.7;86.5;84.7;28;1.1;11.97;78;0.8;0;0;39.7
LUZ;200411;7.2;42;967.5;12.8;-4.3;4.6;23.2;82.4;45.4;20;1.1;6.06;80;-9.7;3;0;45.6
LUZ;200412;5.7;28;966.4;8.5;-5.2;1.0;34.9;86.1;31.4;15;1.2;2.64;85;-8.8;7;0;45.5
LUZ;200501;5.1;48;970.5;11.2;-11.6;0.0;41.5;81.2;81.6;37;1.5;2.94;69;-12.4;33;4;41.8
LUZ;200502;4.5;72;963.9;12.5;-10.5;-1.1;41.6;79.1;64.9;26;1.5;4.15;79;-21.5;47;8;40.2
LUZ;200503;7.0;139;963.6;21.7;-14.5;5.6;46.7;72.5;172.3;51;1.4;26.89;55;-24.4;9;3;24.9
LUZ;200504;8.5;154;961.3;26.0;0.5;9.8;143.5;71.7;132.7;35;1.6;41.84;67;-5.9;2;0;17.3
LUZ;200505;11.4;190;964.4;30.4;3.8;14.2;110.1;71.9;181.2;42;1.5;66.38;59;-2.7;0;0;20.6
LUZ;200506;14.1;249;965.7;33.8;5.0;18.9;90.5;64.8;244.8;56;1.6;106.19;50;-0.2;0;0;25.2
LUZ;200507;15.7;195;963.8;32.5;9.5;18.9;163.4;73.6;165.0;37;1.4;65.12;65;4.9;0;0;24.4
LUZ;200508;14.9;154;964.7;27.8;7.8;16.5;292.5;80.3;148.3;37;1.1;44.60;61;3.9;0;0;35.2
LUZ;200509;14.6;131;965.5;28.0;5.3;15.9;79.0;80.1;141.5;40;0.7;32.42;61;2.7;0;0;32.5
LUZ;200510;11.2;94;966.7;19.7;5.0;10.9;69.9;86.1;148.9;50;0.5;16.31;57;1.8;0;0;42.0
LUZ;200511;7.2;50;964.8;18.2;-9.1;4.2;32.8;82.4;65.0;28;1.0;7.66;72;-14.4;6;0;42.1
LUZ;200512;5.1;29;964.7;8.3;-12.3;0.1;28.9;80.8;23.8;11;1.4;3.20;87;-19.7;15;1;44.5
LUZ;200601;4.7;39;969.1;5.4;-7.6;-1.5;12.2;83.8;36.8;16;1.2;1.77;88;-10.5;6;1;59.1
LUZ;200602;5.1;53;961.1;12.3;-7.8;0.8;37.4;78.5;38.1;15;1.5;3.43;87;-12.0;10;0;30.9
LUZ;200603;6.1;111;958.7;22.3;-7.8;3.7;136.7;74.2;98.8;29;1.8;18.83;73;-16.7;39;4;31.5
LUZ;200604;8.7;142;962.1;22.2;-1.2;9.0;188.9;76.0;127.9;33;1.3;35.55;67;-4.1;2;0;26.9
LUZ;200605;11.3;171;964.3;25.2;2.5;13.8;198.9;73.0;144.2;33;1.6;51.71;68;-1.7;0;0;28.0
LUZ;200606;14.2;244;967.0;30.8;4.5;18.2;75.7;67.5;247.2;56;1.4;99.04;46;1.9;0;0;25.1
LUZ;200607;17.2;250;966.2;33.9;14.0;22.8;61.0;64.1;293.7;66;1.3;128.42;41;11.4;0;0;27.5
LUZ;200608;13.7;146;961.6;26.2;7.1;15.4;223.1;79.3;118.5;29;1.3;38.41;75;4.5;0;0;40.2
LUZ;200609;15.6;137;963.5;27.7;8.2;17.2;122.4;80.3;159.8;46;1.1;34.27;60;5.0;0;0;41.6
LUZ;200610;12.2;91;963.4;21.8;5.2;12.8;43.2;82.4;133.8;45;1.2;18.20;62;2.0;0;0;33.6
LUZ;200611;8.1;56;967.3;17.0;-1.9;6.6;38.4;82.2;96.0;42;1.1;10.31;67;-5.2;0;0;28.8
LUZ;200612;6.2;36;972.0;14.9;-4.9;2.2;64.5;85.2;63.7;31;1.1;3.63;73;-8.2;0;0;46.0
LUZ;200701;6.7;44;968.5;16.6;-9.0;4.0;42.5;81.0;59.8;27;1.8;2.41;81;-11.1;14;1;39.7
LUZ;200702;6.5;77;960.1;14.4;-3.5;4.3;55.7;79.1;100.7;40;1.6;5.76;62;-7.2;0;0;35.0
LUZ;200703;7.0;131;962.4;18.1;-2.3;5.9;93.6;76.1;153.2;45;1.5;22.98;57;-6.8;12;1;34.1
LUZ;200704;9.3;229;964.8;26.4;1.2;13.7;18.1;61.4;278.5;74;1.5;87.67;32;-4.0;-;-;20.4
LUZ;200705;11.7;207;959.6;28.5;2.6;15.2;182.5;69.0;188.5;43;1.7;67.81;63;-0.3;-;-;19.9
LUZ;200706;15.0;203;961.1;29.8;8.7;17.5;188.2;75.5;160.1;36;1.5;55.77;66;6.6;-;-;34.7
LUZ;200707;14.9;219;963.3;33.0;8.4;18.1;221.7;73.1;203.4;46;1.7;75.98;60;5.9;-;-;23.0
LUZ;200708;15.9;165;962.8;30.4;9.8;17.5;218.0;80.0;163.4;41;1.2;48.21;-;7.3;-;-;39.4
LUZ;200709;12.2;151;966.7;25.0;5.4;13.7;78.9;78.2;158.0;46;1.2;35.07;-;2.3;-;-;32.5
LUZ;200710;10.3;81;968.5;23.6;0.9;9.9;40.9;81.2;97.7;33;1.3;15.16;-;-0.8;-;-;43.2
LUZ;200711;6.5;38;966.2;11.3;-6.5;3.4;45.6;82.2;30.5;13;1.5;5.70;-;-6.2;-;-;41.3
LUZ;200712;5.7;28;969.8;14.0;-5.8;1.4;76.0;82.7;22.4;11;1.5;2.93;-;-6.7;-;-;47.0
LUZ;200801;6.0;49;967.4;13.1;-3.9;2.3;43.8;82.6;80.9;36;1.1;2.58;-;-6.5;-;-;37.9
LUZ;200802;6.1;97;972.5;16.1;-6.2;2.9;47.1;79.5;156.3;60;1.0;7.83;-;-9.0;-;-;39.9
LUZ;200803;6.2;122;956.4;18.3;-7.9;5.5;61.8;68.9;109.3;32;2.2;22.98;-;-14.0;-;-;26.6
LUZ;200804;8.1;143;958.1;21.1;-2.2;8.5;130.6;73.6;103.9;28;1.6;32.52;-;-5.5;-;-;27.5
LUZ;200805;11.3;225;960.4;29.8;5.7;15.8;18.4;64.8;220.6;51;1.7;85.35;-;0.6;-;-;21.4
LUZ;200806;15.2;204;963.6;31.9;7.5;17.7;126.7;76.1;161.3;36;1.2;60.86;-;5.1;-;-;30.7
LUZ;200807;15.3;227;963.7;29.9;9.5;18.8;206.1;71.4;215.0;48;1.6;84.57;-;6.7;-;-;33.1
LUZ;200808;16.0;180;963.1;28.6;8.5;18.1;184.6;77.6;176.1;44;1.3;51.21;-;5.6;-;-;43.6
LUZ;200809;12.5;112;964.5;25.9;3.3;13.1;176.4;80.9;105.2;30;1.4;24.77;-;-0.1;-;-;42.5
LUZ;200810;10.7;84;965.3;20.5;-0.3;10.2;101.5;84.8;94.1;32;1.2;14.36;-;-3.2;12;1;46.2
LUZ;200811;7.3;46;962.0;17.7;-5.5;4.5;30.9;85.6;57.8;25;1.3;6.01;-;-7.9;5;0;31.3
LUZ;200812;5.6;28;964.2;8.1;-7.0;0.9;51.2;85.7;29.5;14;1.2;2.88;-;-9.3;40;2;46.0
LUZ;200901;4.8;32;960.9;9.8;-6.9;-1.3;30.6;84.9;26.5;12;1.2;1.34;-;-8.2;4;3;47.2
LUZ;200902;5.2;69;960.8;11.9;-7.3;0.7;52.5;81.1;64.2;26;1.2;4.05;-;-14.9;35;5;33.0
LUZ;200903;6.2;109;962.1;15.8;-4.4;4.8;69.2;73.0;89.1;26;1.8;19.69;-;-7.5;0;0;24.7
LUZ;200904;8.7;198;959.9;22.3;3.8;12.0;24.9;64.3;196.0;52;1.6;63.99;-;-0.8;0;0;21.0
LUZ;200905;12.3;221;965.8;32.0;3.0;16.0;69.0;69.5;202.0;47;1.5;72.67;-;-0.6;0;0;19.7
LUZ;200906;14.0;226;963.2;29.4;8.9;16.9;194.1;73.1;187.9;42;1.5;69.85;-;4.6;0;0;28.2
LUZ;200907;16.1;220;964.1;29.2;10.3;19.1;174.4;73.7;189.1;43;1.4;66.50;-;7.3;0;0;32.3
LUZ;200908;17.3;212;965.4;31.4;9.2;20.1;120.9;74.5;240.0;60;1.2;-;-;5.1;0;0;36.9
LUZ;200909;14.2;139;966.5;29.4;7.1;16.0;38.5;78.6;143.2;41;1.2;34.70;-;3.5;0;0;33.5
LUZ;200910;10.1;90;964.9;25.3;-0.3;9.8;75.2;80.7;106.5;36;1.2;17.66;-;-5.3;0;0;42.2
LUZ;200911;8.5;52;959.4;18.3;-0.8;6.9;112.9;85.1;67.8;29;1.2;6.91;-;-5.8;8;0;39.2
LUZ;200912;5.8;31;955.6;11.5;-16.1;1.1;105.4;84.0;32.9;16;1.3;3.08;-;-11.6;13;2;53.3
LUZ;201001;4.7;36;959.7;8.2;-8.9;-1.3;42.5;83.7;32.1;14;1.2;1.76;-;-12.4;47;3;41.0
LUZ;201002;5.0;73;952.5;15.0;-12.5;1.1;35.7;74.5;57.6;23;1.4;5.64;-;-15.0;20;4;26.4
LUZ;201003;6.2;118;963.3;21.5;-6.5;5.0;38.9;67.9;116.9;34;1.7;25.14;-;-9.1;5;0;17.8
LUZ;201004;8.2;183;964.3;25.8;-0.8;10.4;23.7;65.2;173.1;46;1.5;55.24;-;-4.7;0;0;27.0
LUZ;201005;10.9;149;960.5;27.4;4.7;12.3;178.7;77.8;88.8;20;1.6;35.42;-;1.2;0;0;27.3
LUZ;201006;14.0;198;961.7;29.9;7.2;17.3;148.2;73.3;169.2;38;1.6;73.01;-;3.2;0;0;25.2
LUZ;201007;17.1;235;965.1;32.5;10.2;20.3;256.5;72.9;239.7;54;1.4;87.89;-;7.3;0;0;32.9
LUZ;201008;15.9;164;963.5;28.9;8.8;17.6;242.8;78.9;141.6;35;1.4;43.80;-;4.3;0;0;39.8
LUZ;201009;12.5;147;963.3;23.0;6.8;13.7;158.9;79.7;158.7;46;1.1;35.25;-;2.3;0;0;41.9
LUZ;201010;9.8;74;961.3;24.5;-1.2;9.2;69.6;82.7;81.0;27;1.2;13.72;-;-5.2;0;0;33.7
LUZ;201011;7.7;49;954.9;17.2;-5.9;5.4;43.9;83.1;67.5;29;1.2;7.75;-;-10.0;3;0;48.1
LUZ;201012;5.2;32;958.6;11.7;-10.9;-0.9;121.2;88.0;23.2;11;1.1;2.19;-;-17.9;40;7;54.9
LUZ;201101;5.9;43;965.6;12.7;-8.5;1.3;62.4;84.9;54.1;24;1.2;1.93;-;-13.9;11;2;51.7
LUZ;201102;6.0;74;964.8;12.4;-3.8;2.7;45.7;80.5;103.3;41;1.0;5.23;-;-7.4;0;0;35.9
LUZ;201103;7.1;118;966.6;19.0;-3.1;6.5;48.1;73.8;136.3;40;1.3;23.55;-;-6.1;0;0;28.8
LUZ;201104;9.0;223;964.5;25.1;2.1;12.8;26.0;62.6;259.2;69;1.5;79.71;-;-2.8;0;0;17.2
LUZ;201105;11.6;244;965.6;27.7;3.9;15.5;171.7;67.8;258.7;60;1.4;91.41;-;0.1;0;0;23.9
LUZ;201106;14.4;200;964.4;32.5;7.3;17.1;113.0;74.7;151.8;34;1.5;57.28;-;4.0;0;0;33.2
LUZ;201107;14.0;213;961.3;31.0;9.1;17.0;169.4;72.9;178.1;40;1.4;73.23;-;5.3;0;0;24.1
LUZ;201108;16.5;230;963.5;32.7;9.4;19.7;131.7;73.0;255.0;63;1.5;79.22;-;6.2;0;0;20.5
LUZ;201109;15.4;161;965.8;28.2;7.6;16.7;124.7;81.0;188.1;54;1.2;36.33;-;3.6;0;0;41.1
LUZ;201110;10.4;98;968.1;22.6;-0.3;9.8;88.5;84.2;125.9;42;1.2;16.13;-;-4.3;0;0;40.1
LUZ;201111;8.0;53;967.6;18.5;-2.1;5.2;0.0;88.8;65.9;29;1.0;5.38;-;-5.9;0;0;47.5
LUZ;201112;6.7;30;965.1;14.7;-5.7;3.8;139.6;83.0;33.6;17;1.8;3.15;-;-10.5;7;0;43.4
LUZ;201201;6.1;35;969.1;12.8;-6.9;2.7;75.2;81.5;43.3;19;2.0;2.09;-;-9.3;10;0;41.2
LUZ;201202;4.0;76;971.2;14.1;-13.8;-2.9;12.4;74.2;74.1;28;1.5;5.99;-;-16.4;0;3;39.2
LUZ;201203;7.0;163;972.0;19.6;-1.8;7.6;44.3;69.2;230.5;68;1.3;40.14;-;-5.1;0;0;19.9
LUZ;201204;8.2;150;953.4;29.1;-2.1;9.4;101.5;71.9;113.3;30;1.9;40.29;-;-5.8;0;0;15.6
LUZ;201205;11.3;228;962.8;29.3;1.9;14.8;111.6;68.5;205.4;47;1.7;75.32;-;0.0;0;0;24.0
LUZ;201206;15.5;221;962.5;32.0;7.7;18.2;151.6;74.7;179.3;40;1.4;64.75;-;4.4;0;0;25.3
LUZ;201207;15.4;206;964.1;32.6;9.5;18.7;86.8;72.6;182.4;41;1.5;74.13;-;6.6;0;0;23.5
LUZ;201208;17.1;215;965.1;33.2;9.4;19.9;251.6;74.8;242.0;60;1.4;74.68;-;7.7;0;0;34.8
LUZ;201209;13.8;132;964.0;26.8;5.4;14.6;110.8;83.1;134.1;39;1.2;27.59;-;1.1;0;0;34.7
LUZ;201210;11.0;89;960.7;23.1;-3.1;10.0;134.0;87.0;117.0;39;1.2;14.42;-;-8.4;0;0;40.0
LUZ;201211;8.2;50;961.1;17.5;-0.3;5.9;115.9;87.5;59.6;26;1.1;6.53;-;-2.8;3;0;45.7
LUZ;201212;6.0;38;962.0;12.1;-10.3;1.7;110.2;84.4;51.2;25;1.4;3.41;-;-16.1;52;6;41.6
LUZ;201301;5.6;41;961.8;12.7;-7.5;1.0;72.4;84.2;45.4;20;1.1;1.91;-;-12.2;8;1;20.1
LUZ;201302;4.8;66;960.5;10.1;-9.8;-0.6;78.0;79.8;48.9;19;1.3;3.84;-;-17.8;32;3;40.4
LUZ;201303;6.0;99;953.8;13.7;-6.1;3.3;70.5;77.0;76.2;22;1.3;14.42;-;-10.0;8;0;31.6
LUZ;201304;8.7;138;961.5;24.5;-0.1;9.5;83.4;73.1;103.1;27;1.4;35.16;-;-2.9;2;0;26.4
LUZ;201305;10.6;173;959.2;23.0;3.8;11.7;201.0;77.5;104.4;24;1.6;36.34;-;0.3;0;0;27.3
LUZ;201306;13.6;214;965.1;34.0;6.9;16.6;109.1;73.6;168.0;38;1.4;66.49;-;4.9;0;0;24.2
LUZ;201307;16.7;254;966.2;34.9;10.4;20.9;103.8;69.4;263.5;59;1.5;104.69;-;6.6;0;0;30.0
LUZ;201308;16.2;209;965.5;33.1;10.3;19.0;112.3;74.6;223.6;56;1.3;72.05;-;5.8;0;0;35.5
LUZ;201309;13.8;142;964.1;28.6;6.8;15.2;133.7;80.9;145.4;42;1.3;33.56;-;3.0;0;0;36.5
LUZ;201310;12.1;82;964.6;21.5;3.7;11.9;95.9;86.4;90.5;30;1.2;11.53;-;-0.2;0;0;32.4
LUZ;201311;7.4;41;963.0;17.5;-4.0;4.7;120.3;84.1;35.9;16;1.4;5.64;-;-8.8;0;0;49.8
LUZ;201312;5.8;48;969.8;17.0;-5.2;1.1;32.0;87.8;96.4;47;1.0;4.30;-;-10.0;0;0;25.4
LUZ;201401;6.6;45;958.0;12.2;-4.5;3.0;54.5;85.6;62.8;28;1.2;2.17;-;-9.9;0;0;39.3
LUZ;201402;6.6;84;957.5;13.8;-3.6;4.2;73.4;80.6;102.6;41;1.4;5.89;-;-7.8;0;0;35.4
LUZ;201403;7.1;149;963.6;20.5;-1.6;7.3;37.4;72.5;196.9;58;1.4;34.53;-;-7.1;0;0;21.3
LUZ;201404;9.3;179;961.3;22.0;-0.1;11.4;130.2;69.8;166.4;44;1.6;51.37;-;-4.8;0;0;22.8
LUZ;201405;10.5;200;963.2;28.3;2.5;13.2;148.8;71.2;162.2;37;2.1;60.83;-;-1.9;0;0;23.4
LUZ;201406;13.9;255;963.8;34.3;7.8;18.3;165.9;68.2;235.6;53;1.7;91.54;-;3.6;0;0;22.1
LUZ;201407;16.5;183;962.4;31.4;9.8;18.2;276.8;80.5;145.0;33;1.4;52.64;-;6.0;0;0;22.0
LUZ;201408;15.3;163;962.9;28.0;8.6;16.9;217.0;79.7;124.2;31;1.5;36.75;-;3.9;0;0;41.1
LUZ;201409;14.6;149;965.1;25.3;7.1;15.7;66.3;81.8;152.9;44;1.2;29.10;-;3.9;0;0;40.5
LUZ;201410;12.7;92;965.2;23.4;2.2;12.7;102.5;85.4;116.2;39;1.3;14.09;-;-2.0;0;0;46.8
LUZ;201411;9.1;48;959.2;16.9;0.6;6.9;89.4;90.8;64.0;28;1.0;5.21;-;-2.3;0;0;52.4
LUZ;201412;6.6;25;967.2;11.8;-8.6;2.9;56.0;86.1;34.4;17;1.2;2.89;-;-11.6;32;2;42.6
LUZ;201501;5.8;41;965.3;19.3;-5.8;2.1;92.5;82.2;49.5;22;1.6;2.38;-;-11.7;11;2;34.2
LUZ;201502;5.0;66;962.8;9.6;-7.1;0.1;33.4;80.8;63.6;25;1.5;4.22;-;-11.4;0;0;35.6
LUZ;201503;6.8;129;966.4;18.2;-2.8;6.6;71.0;70.9;154.5;45;1.8;26.73;-;-6.0;0;0;27.0
LUZ;201504;7.9;197;966.9;22.8;-2.4;10.5;113.4;63.3;211.6;56;1.8;71.67;-;-5.5;0;0;12.1
LUZ;201505;11.6;197;964.0;28.4;5.3;14.5;218.6;72.5;162.1;37;1.6;61.13;-;4.0;0;0;17.4
LUZ;201506;14.6;237;966.0;30.7;8.8;18.7;180.5;69.8;206.7;47;1.6;84.75;-;5.9;0;0;29.8
LUZ;201507;16.5;262;964.2;34.8;11.1;22.6;74.7;61.3;270.9;61;1.8;126.65;-;-;0;0;24.4
LUZ;201508;16.8;211;963.9;34.5;11.1;20.4;100.5;72.2;230.1;57;1.4;80.15;-;7.3;0;0;22.2
LUZ;201509;11.9;127;964.7;26.1;5.2;13.5;54.6;76.6;116.8;34;1.4;31.94;-;1.9;0;0;30.2
LUZ;201510;10.1;76;964.6;19.9;1.5;9.6;67.1;83.5;70.8;24;1.1;13.08;-;-1.1;0;0;44.9
LUZ;201511;8.4;63;968.8;20.3;-4.9;7.2;79.6;81.4;106.6;46;1.4;10.83;-;-8.0;0;0;38.5
LUZ;201512;7.1;45;975.9;12.1;-3.0;3.5;37.5;89.7;89.4;44;0.9;3.55;-;-6.0;0;0;48.9
LUZ;201601;6.4;43;962.5;15.6;-8.0;3.1;91.5;81.7;45.7;20;1.7;2.16;-;-10.6;10;1;27.9
LUZ;201602;6.6;57;960.0;16.1;-2.6;4.3;104.4;80.1;52.9;20;1.9;3.50;-;-5.7;0;0;30.9
LUZ;201603;6.4;115;960.4;21.9;-2.3;5.2;40.6;72.7;111.5;33;1.7;21.32;-;-5.8;0;0;27.2
LUZ;201604;8.8;164;960.0;20.8;0.5;9.6;159.2;74.2;147.3;39;1.8;40.52;-;-4.0;0;0;29.3
LUZ;201605;10.9;199;960.9;27.1;1.5;13.2;270.5;73.0;163.2;38;1.7;59.14;-;-2.0;0;0;21.5
LUZ;201606;15.3;197;962.8;31.8;9.9;17.0;208.8;79.7;135.0;30;1.4;46.79;-;5.1;0;0;30.2
LUZ;201607;16.7;235;966.1;32.2;8.7;20.1;176.2;72.2;216.4;49;1.4;86.07;-;5.8;0;0;30.6
LUZ;201608;16.5;217;967.5;31.4;10.3;19.1;128.9;75.5;242.1;60;1.4;71.29;-;6.0;0;0;34.6
LUZ;201609;15.2;157;966.4;27.2;9.3;16.8;78.3;80.1;196.4;57;1.2;40.31;-;5.6;0;0;38.7
LUZ;201610;9.9;71;967.1;21.0;2.0;8.9;89.4;85.9;60.2;20;1.2;10.39;-;-1.6;0;0;45.6
LUZ;201611;7.5;40;962.8;13.1;-2.3;5.2;74.1;84.0;38.7;17;1.4;5.26;-;-6.2;0;0;49.4
LUZ;201612;5.8;34;976.4;9.8;-4.0;0.9;0.9;89.1;55.4;27;1.0;3.09;-;-8.0;0;0;55.6
LUZ;201701;4.4;33;968.9;7.1;-9.2;-2.2;76.0;82.7;32.7;15;1.6;1.73;-;-12.7;35;8;48.6
LUZ;201702;6.5;76;964.6;19.9;-2.3;3.8;83.9;82.0;91.8;37;1.3;5.66;-;-5.9;3;0;18.4
LUZ;201703;8.0;140;964.5;21.7;-1.3;8.8;92.9;71.9;177.9;52;1.6;31.08;-;-4.7;0;0;22.0
LUZ;201704;7.8;182;966.1;24.1;-2.0;9.3;140.3;68.4;178.1;47;1.6;56.17;-;-7.6;5;0;18.9
LUZ;201705;11.6;231;964.1;30.3;1.7;15.0;112.6;69.7;223.3;51;1.6;80.52;-;-1.8;0;0;25.1
LUZ;201706;15.6;256;963.3;34.3;7.5;20.2;102.7;66.9;232.1;52;1.7;95.53;-;3.8;0;0;22.9
LUZ;201707;16.1;212;964.2;32.2;11.2;19.6;135.3;72.4;179.4;40;1.7;71.92;-;7.9;0;0;24.8
LUZ;201708;17.2;199;965.7;31.7;10.4;19.6;152.2;76.4;211.3;52;1.3;62.05;-;6.8;0;0;38.1
LUZ;201709;12.1;133;964.2;24.6;4.7;13.3;89.2;79.3;129.4;37;1.4;28.92;-;0.5;0;0;41.1
LUZ;201710;10.5;112;969.5;23.6;0.5;11.2;54.9;79.1;167.5;56;1.3;24.81;-;-1.1;0;0;13.2
LUZ;201711;7.1;46;964.6;17.4;-1.5;4.8;95.3;81.9;51.8;23;1.3;7.22;-;-3.4;0;0;36.5
LUZ;201712;5.8;30;964.6;13.5;-6.0;1.6;109.6;83.6;31.2;15;1.5;3.25;-;-9.9;15;1;40.0
LUZ;201801;7.0;41;963.1;17.2;-1.5;5.2;107.0;79.7;43.3;19;2.2;2.22;-;-5.2;0;0;38.6
LUZ;201802;4.7;47;960.8;7.4;-10.5;-0.6;78.2;77.6;31.2;12;1.7;3.48;-;-12.2;43;2;37.5
LUZ;201803;6.4;105;951.7;13.6;-6.8;4.0;92.0;78.6;78.7;23;1.6;13.66;-;-9.4;4;1;29.0
LUZ;201804;9.2;223;960.4;26.9;-0.5;13.3;39.0;62.1;244.1;65;1.9;75.01;-;-4.1;0;0;15.4
LUZ;201805;12.9;203;961.9;27.9;7.8;15.6;134.5;74.7;168.2;39;1.5;56.17;-;6.0;0;0;23.4
LUZ;201806;14.8;261;963.8;30.3;9.7;19.2;78.0;67.5;235.2;53;1.8;96.27;-;7.0;0;0;24.0
LUZ;201807;15.4;267;963.5;33.9;11.2;21.6;61.2;62.1;279.5;63;1.6;131.42;-;7.6;0;0;22.2
LUZ;201808;16.4;212;965.1;34.4;8.9;20.9;152.7;68.0;237.7;59;1.6;90.99;-;6.9;0;0;29.7
LUZ;201809;14.3;167;968.4;28.4;4.3;16.6;138.3;76.1;208.9;60;1.4;48.33;-;2.4;0;0;37.0
LUZ;201810;10.8;98;964.5;22.2;0.8;11.1;52.9;81.5;133.7;45;1.3;20.82;-;0.1;0;0;31.0
LUZ;201811;8.2;40;963.3;16.5;-0.8;6.1;15.4;85.8;34.5;15;1.1;4.74;-;-;0;0;59.0
LUZ;201812;7.1;29;968.6;14.4;-5.4;4.1;112.6;84.3;25.5;13;1.6;2.76;-;-8.0;0;0;45.0
LUZ;201901;5.1;47;963.5;8.5;-5.9;0.7;43.1;79.3;62.7;28;1.7;2.79;-;-9.2;22;1;39.5
LUZ;201902;5.7;106;970.4;19.8;-4.3;3.3;55.1;75.4;158.5;63;1.3;10.77;-;-6.9;15;2;21.4
LUZ;201903;6.4;150;966.9;19.6;-2.0;7.4;43.2;63.9;185.2;54;2.5;39.99;-;-5.2;0;0;25.0
LUZ;201904;7.8;167;960.1;24.5;-0.8;9.5;78.7;69.0;148.0;39;1.7;49.40;-;-4.2;0;0;17.7
LUZ;201905;9.7;199;962.1;23.5;0.2;11.4;164.0;72.6;159.1;37;1.9;58.76;-;-3.1;0;0;27.8
LUZ;201906;15.4;268;963.9;34.8;8.8;20.1;74.9;66.9;265.3;60;1.7;107.33;-;4.6;0;0;24.1
LUZ;201907;16.2;246;963.1;35.0;12.2;21.3;147.1;65.3;236.3;53;1.6;106.58;-;8.5;0;0;25.3
LUZ;201908;16.5;191;965.2;31.2;9.9;19.2;158.1;75.3;203.3;50;1.4;66.06;-;9.3;0;0;33.6
LUZ;201909;13.6;150;966.7;26.9;6.9;15.6;78.7;77.3;182.1;53;1.4;41.50;-;5.8;0;0;36.7
LUZ;201910;11.8;89;963.5;21.9;4.7;12.1;151.7;84.0;117.1;39;1.3;17.45;-;0.4;0;0;44.9
LUZ;201911;8.0;40;953.4;17.0;-1.3;5.8;84.5;84.9;36.7;16;1.2;5.19;-;-4.9;0;0;34.0
LUZ;201912;6.7;30;962.6;17.5;-3.0;4.1;52.4;81.3;34.5;17;1.9;3.64;-;-6.9;0;0;29.2
LUZ;202001;6.0;50;972.2;14.4;-3.4;2.2;37.9;83.0;98.5;44;1.3;3.03;-;-7.2;0;0;44.4
LUZ;202002;6.4;86;966.6;18.9;-3.5;6.4;92.0;66.8;115.3;44;2.9;9.06;-;-7.5;0;0;25.1
LUZ;202003;6.7;132;963.6;20.3;-2.7;6.1;66.6;70.5;161.3;47;1.8;31.44;-;-7.6;0;0;24.7
LUZ;202004;8.4;231;963.2;23.7;-2.3;12.9;29.6;57.8;272.5;72;1.6;91.53;-;-7.2;0;0;21.9
LUZ;202005;10.9;233;965.6;26.9;3.1;14.4;135.5;68.3;228.6;53;1.8;89.11;-;0.5;0;0;22.2
LUZ;202006;13.8;212;961.4;28.4;9.3;16.9;218.0;73.3;177.8;40;1.7;73.13;-;2.7;0;0;23.1
LUZ;202007;15.7;255;965.0;32.8;11.1;20.1;142.8;67.8;252.9;57;1.6;105.38;-;7.1;0;0;28.5
LUZ;202008;16.6;206;962.9;31.5;9.6;19.6;218.6;74.0;222.6;55;1.5;73.88;-;7.7;0;0;32.9
LUZ;202009;14.6;158;964.5;28.6;5.3;16.4;43.2;77.5;177.9;51;1.4;40.89;-;4.1;0;0;34.0
LUZ;202010;10.2;82;961.8;18.1;2.8;9.8;118.8;83.8;80.1;27;1.3;12.49;-;-1.1;0;0;37.8
LUZ;202011;8.2;50;971.4;21.7;-1.7;5.9;30.0;86.5;76.4;33;1.1;6.93;-;-4.1;1;0;50.0
LUZ;202012;6.4;32;956.8;10.9;-4.8;2.3;93.2;87.4;31.8;16;1.1;2.52;-;-8.0;5;0;44.2
LUZ;202101;5.5;42;959.1;12.4;-5.5;1.2;118.9;80.7;42.3;19;1.6;2.31;-;-8.8;40;4;39.2
LUZ;202102;6.4;78;965.1;16.8;-8.0;3.6;49.6;78.5;94.5;38;1.4;6.38;-;-5.4;13;2;41.0
LUZ;202103;6.1;140;968.7;23.0;-2.6;5.7;69.4;68.1;156.2;46;1.8;33.47;-;-6.3;0;0;22.6
LUZ;202104;6.6;205;964.2;23.2;-3.8;8.4;66.5;60.3;193.2;51;1.9;68.85;-;-6.7;12;0;20.2
LUZ;202105;9.1;198;962.0;25.8;1.6;11.3;175.2;70.2;157.0;36;2.2;62.58;-;-0.9;0;0;24.7
LUZ;202106;15.7;244;965.0;30.9;9.4;19.2;173.1;72.4;212.7;48;1.6;81.89;-;4.0;0;0;27.5
LUZ;202107;16.6;197;963.4;28.4;9.6;18.3;319.5;80.3;167.2;38;1.4;54.26;-;6.4;0;0;39.5
LUZ;202108;15.6;177;964.7;30.8;9.8;17.7;141.3;77.7;148.1;37;1.4;47.22;-;7.3;0;0;37.1
LUZ;202109;14.8;159;966.7;25.8;7.9;16.4;70.0;80.4;182.1;53;1.3;38.77;-;4.5;0;0;36.7
LUZ;202110;9.8;104;967.2;23.3;1.4;9.4;46.9;83.2;135.2;45;1.2;18.01;-;-1.3;0;0;37.1
LUZ;202111;7.3;38;963.3;11.0;-1.6;4.4;33.9;86.4;37.4;16;1.2;5.05;-;-4.8;0;0;46.9
LUZ;202112;6.4;32;963.7;12.8;-3.8;2.5;105.1;86.3;38.7;19;1.3;2.93;-;-6.4;0;0;52.2
LUZ;202201;5.6;50;972.6;15.8;-5.0;1.5;39.7;81.6;69.4;31;1.4;2.40;-;-7.8;0;0;43.5
LUZ;202202;6.1;98;968.7;17.2;-3.8;4.6;72.9;72.2;121.8;49;2.2;8.36;-;-6.9;0;0;29.9
LUZ;202203;5.9;167;967.9;20.1;-4.1;7.1;27.2;59.7;246.3;72;1.5;51.36;-;-8.3;0;0;20.8
LUZ;202204;8.0;192;960.3;22.7;-1.4;9.7;77.2;67.6;187.9;50;1.9;59.97;-;-4.3;9;0;26.4
LUZ;202205;12.9;218;965.3;30.8;5.1;16.4;84.7;70.0;197.8;46;1.5;70.27;-;0.0;0;0;26.7
LUZ;202206;16.0;246;964.1;33.8;8.9;19.8;169.2;71.3;239.4;54;1.6;89.26;-;7.2;0;0;26.1
LUZ;202207;15.5;281;967.5;33.7;11.0;21.4;95.6;62.8;304.5;68;1.7;138.92;-;-;0;0;21.1
LUZ;202208;16.2;220;963.9;33.2;12.6;20.3;189.2;70.4;255.9;64;1.6;94.63;-;7.7;0;0;24.0
LUZ;202209;13.3;145;962.0;26.2;6.0;14.7;200.3;78.8;142.6;41;1.5;34.80;-;4.0;0;0;38.1
LUZ;202210;13.4;98;968.4;22.6;7.3;13.7;48.1;85.6;129.8;44;1.1;15.91;-;5.0;0;0;47.2
LUZ;202211;8.8;53;963.1;16.8;0.2;7.5;48.5;84.6;59.5;26;1.2;6.53;-;-2.2;0;0;48.2
LUZ;202212;6.7;29;962.2;14.7;-7.5;2.8;88.7;87.4;31.6;16;1.2;2.48;-;-8.8;16;2;43.3
LUZ;202301;6.0;39;965.3;13.2;-8.7;2.4;47.8;79.7;42.6;19;1.6;2.21;-;-13.7;7;1;41.3
LUZ;202302;6.0;88;973.2;15.4;-5.5;3.6;24.5;74.8;120.5;48;1.6;6.88;-;-8.8;0;0;33.6
LUZ;202303;7.3;115;960.4;19.3;-1.6;7.3;124.1;71.0;114.8;34;1.9;22.35;-;-4.8;5;0;21.0
LUZ;202304;8.3;144;962.4;19.7;-0.9;8.9;127.9;71.8;106.2;28;1.8;33.66;-;-5.4;0;0;24.6
LUZ;202305;12.2;183;964.2;25.9;6.8;14.2;171.8;76.8;142.8;33;1.5;50.07;-;3.2;0;0;31.4
LUZ;202306;13.8;286;963.1;30.9;11.7;20.5;41.7;58.5;299.7;68;1.8;138.46;-;6.7;0;0;16.5
LUZ;202307;16.4;232;963.4;35.5;10.3;20.7;148.1;69.0;202.0;45;1.7;85.06;-;7.9;0;0;21.1
LUZ;202308;16.8;195;963.5;34.0;9.0;20.2;131.9;71.9;201.0;50;1.7;71.63;-;6.9;0;0;25.5
LUZ;202309;16.3;182;965.6;29.6;7.5;18.6;53.3;76.3;234.4;68;1.3;52.37;-;4.6;0;0;37.9
LUZ;202310;11.7;111;961.2;27.0;4.7;13.0;68.3;79.2;158.3;53;1.4;26.80;-;0.9;0;0;35.4
LUZ;202311;7.8;46;958.3;15.2;-1.4;6.1;206.4;82.2;46.9;20;1.9;6.69;-;-4.4;1;0;41.2
LUZ;202312;6.9;35;965.1;12.0;-6.1;3.7;138.1;85.8;43.7;21;1.6;2.90;-;-8.1;19;2;41.8
LUZ;202401;6.2;43;966.8;16.7;-8.1;2.5;89.8;83.0;55.4;25;1.6;2.34;-;-14.0;13;1;27.8