stn;time;pva200m0;ets150m0;gre000m0;prestam0;tre200mx;tre200mn;tre200m0;rre150m0;ure200m0;su2000m0;sremaxmv;fkl010m0;tre005mn;hns000m0;ure200mn;hto000m0
ENG;200001;4.0;2.97;44;905.7;9.7;-19.5;-3.6;62.3;81.6;52.7;46;0.8;-21.0;-;-;-
ENG;200002;5.1;4.04;77;905.2;12.0;-11.6;0.7;115.4;78.5;81.2;39;0.8;-13.5;-;-;-
ENG;200003;5.7;4.75;114;902.5;16.0;-7.6;2.2;144.4;80.0;97.0;35;1.0;-11.3;-;-;-
ENG;200004;6.6;22.46;167;892.8;20.0;-3.4;7.1;78.3;68.0;141.8;45;2.2;-6.0;-;-;-
ENG;200005;10.0;55.65;200;900.9;24.2;1.9;12.0;101.7;73.1;153.0;43;1.4;-2.0;-;-;-
ENG;200006;12.3;86.34;219;905.0;27.5;3.8;14.5;166.0;76.3;187.3;50;1.3;-0.1;-;-;-
ENG;200007;12.2;54.26;180;899.9;26.3;2.4;12.5;277.2;84.1;129.4;35;1.1;-0.9;-;-;-
ENG;200008;13.6;75.01;175;904.1;27.7;8.1;15.7;205.6;78.3;166.5;50;1.1;4.5;-;-;-
ENG;200009;11.2;47.44;147;900.8;21.9;1.8;11.9;168.7;80.9;168.4;59;1.3;-1.6;-;-;-
ENG;200010;9.0;13.98;67;899.9;19.1;-2.0;7.5;121.2;86.7;68.9;28;0.9;-4.9;-;-;-
ENG;200011;5.8;8.93;50;893.6;15.9;-8.0;2.6;142.6;80.8;59.1;41;1.5;-12.3;-;-;-
ENG;200012;5.2;4.25;32;896.2;14.2;-12.2;1.8;23.2;74.4;27.1;34;0.9;-15.9;-;-;-
ENG;200101;4.7;2.59;42;895.9;10.2;-13.2;-1.4;94.4;82.8;47.8;42;0.9;-16.1;-;-;-
ENG;200102;4.7;4.74;79;900.2;13.8;-13.6;0.3;100.4;74.9;85.5;43;1.6;-17.8;-;-;-
ENG;200103;6.8;3.57;101;891.6;19.2;-7.9;4.6;172.2;80.6;71.0;26;1.1;-13.7;-;-;-
ENG;200104;6.1;13.53;150;897.0;16.5;-6.9;3.5;221.1;78.4;94.0;30;1.4;-11.0;-;-;-
ENG;200105;10.5;54.98;208;900.3;25.6;1.2;12.1;89.8;75.7;155.1;43;1.6;-1.9;-;-;-
ENG;200106;10.9;78.50;218;902.5;26.9;-0.2;11.9;256.4;79.0;176.1;47;1.2;-2.7;-;-;-
ENG;200107;13.4;77.95;205;901.8;27.1;6.3;15.0;183.3;80.1;170.6;46;1.2;3.2;-;-;-
ENG;200108;14.1;74.82;189;903.4;29.4;4.7;15.8;161.8;80.1;185.4;56;1.0;0.3;-;-;-
ENG;200109;9.5;21.63;107;899.7;19.0;-1.1;8.2;192.6;86.7;70.5;25;0.8;-3.9;-;-;-
ENG;200110;9.7;37.22;112;904.4;21.6;1.4;10.7;63.4;76.7;166.9;69;0.9;-0.5;-;-;-
ENG;200111;5.4;5.73;51;903.1;12.0;-10.8;-0.4;127.3;89.2;52.2;36;0.8;-14.6;-;-;-
ENG;200112;4.1;2.82;34;902.6;11.4;-19.3;-4.5;68.0;84.3;33.2;42;0.9;-23.0;-;-;-
ENG;200201;3.9;5.18;54;907.0;15.5;-14.9;-1.9;21.2;71.0;81.5;71;0.7;-19.6;-;-;-
ENG;200202;5.5;3.42;68;899.8;13.9;-13.2;2.3;121.1;77.5;53.1;27;1.0;-7.6;-;-;-
ENG;200203;5.4;8.80;146;900.6;17.2;-8.5;4.0;118.2;68.0;153.3;55;1.4;-12.1;-;-;-
ENG;200204;6.5;18.75;172;897.4;17.8;-3.4;5.8;107.7;73.3;138.0;44;1.4;-6.6;-;-;-
ENG;200205;8.8;54.96;193;899.0;26.0;0.0;9.7;269.0;75.9;146.9;41;1.5;-3.1;-;-;-
ENG;200206;13.1;94.70;230;902.3;30.5;4.3;15.7;195.4;75.2;197.1;52;1.3;0.9;-;-;-
ENG;200207;13.5;64.36;195;901.2;26.4;5.1;14.6;197.5;82.1;154.3;41;1.1;1.5;-;-;-
ENG;200208;13.6;45.79;160;900.9;24.4;7.1;14.0;223.4;85.2;130.4;39;1.0;2.6;-;-;-
ENG;200209;10.6;24.98;123;901.8;19.8;-1.2;9.4;224.4;88.3;106.3;37;1.0;-5.8;-;-;-
ENG;200210;8.2;27.09;91;898.9;20.6;-1.7;7.7;107.0;78.6;117.2;48;1.0;-5.5;-;-;-
ENG;200211;6.9;5.72;40;894.4;14.9;-6.6;3.7;316.7;86.5;38.2;26;1.2;-7.3;-;-;-
ENG;200212;5.6;2.27;31;898.0;12.9;-8.5;0.7;109.9;85.9;20.3;26;0.8;-12.2;-;-;-
ENG;200301;4.0;2.77;40;897.4;13.5;-17.9;-3.5;107.6;79.4;34.6;30;0.9;-22.3;-;-;-
ENG;200302;3.1;6.84;112;900.1;9.1;-18.7;-4.7;60.8;71.8;141.4;71;0.9;-24.0;-;-;-
ENG;200303;5.3;10.54;169;904.8;16.1;-6.0;3.7;43.0;66.7;200.3;72;1.0;-8.3;-;-;-
ENG;200304;6.4;24.82;199;898.6;21.2;-10.6;5.9;91.6;70.2;172.0;54;1.8;-14.4;-;-;-
ENG;200305;10.0;53.38;195;902.7;24.6;0.0;11.4;111.6;75.8;151.0;42;1.7;-3.4;-;-;-
ENG;200306;14.5;108.12;262;902.9;29.9;8.8;18.2;148.9;71.4;234.5;62;1.4;5.0;-;-;-
ENG;200307;13.7;90.54;207;902.9;28.7;8.3;16.0;180.1;76.7;179.3;48;1.3;4.2;-;-;-
ENG;200308;14.3;122.60;214;903.9;32.4;6.4;18.7;75.4;68.8;222.2;67;1.1;3.9;-;-;-
ENG;200309;10.7;52.31;154;904.8;22.9;2.2;11.3;79.9;80.4;172.1;60;1.1;-0.9;-;-;-
ENG;200310;7.1;18.69;89;896.4;19.8;-12.0;4.0;191.5;84.2;99.7;41;1.2;-15.3;-;-;-
ENG;200311;6.3;12.21;58;899.9;16.5;-4.5;4.4;67.3;76.9;73.2;50;1.2;-5.7;-;-;-
ENG;200312;4.4;5.61;36;900.3;16.8;-13.4;0.3;55.4;70.4;38.4;49;1.7;-17.8;-;-;-
ENG;200401;4.6;1.89;38;894.2;11.4;-14.6;-1.8;188.9;83.9;22.6;20;1.0;-18.1;-;-;-
ENG;200402;4.1;4.91;90;901.0;11.7;-14.9;-1.1;48.9;74.3;94.0;45;1.4;-17.5;-;31.2;-
ENG;200403;4.9;6.77;140;901.8;17.0;-14.4;0.9;104.9;75.9;120.3;43;1.3;-14.6;-;21.2;-
ENG;200404;6.4;22.58;186;896.1;19.0;-4.8;5.9;93.4;71.8;143.2;45;1.6;-9.9;-;25.7;-
ENG;200405;8.1;59.32;200;898.6;23.8;-0.8;8.4;167.6;75.7;145.3;41;1.3;-3.3;-;30.4;-
ENG;200406;11.5;67.14;198;903.4;27.2;4.5;12.9;252.8;79.4;140.5;37;1.3;1.9;-;28.7;-
ENG;200407;13.2;71.45;200;903.0;26.4;4.1;14.8;152.1;79.0;155.7;42;1.3;1.5;-;36.7;-
ENG;200408;13.8;56.25;168;900.8;26.6;5.5;15.1;210.3;81.1;136.8;41;1.1;2.6;-;31.8;-
ENG;200409;11.8;39.31;143;905.2;23.4;1.2;12.0;115.6;84.2;143.5;50;1.0;-0.3;-;45.4;-
ENG;200410;9.8;18.49;84;897.7;22.4;0.5;9.1;91.5;85.2;91.0;38;1.0;-1.5;-;30.6;-
ENG;200411;5.8;5.96;45;902.4;13.3;-8.8;0.7;51.2;85.3;48.5;33;1.0;-12.5;-;35.9;-
ENG;200412;4.1;4.96;34;900.7;8.7;-13.3;-1.7;69.4;76.4;39.4;50;0.8;-12.1;-;31.5;-
ENG;200501;3.8;4.08;46;904.3;8.5;-19.3;-3.2;129.5;75.1;56.6;49;1.0;-21.3;-;30.6;-
ENG;200502;3.4;4.01;92;897.7;10.7;-18.4;-5.2;117.4;80.4;94.7;48;1.2;-12.2;-;37.9;-
ENG;200503;5.2;7.46;156;899.1;14.7;-20.0;1.2;41.8;74.1;166.3;60;1.0;-6.5;-;25.5;-
ENG;200504;6.8;16.97;171;897.7;22.5;-4.1;6.0;118.9;74.5;123.3;39;1.3;-6.3;-;14.6;-
ENG;200505;9.3;62.37;196;901.5;27.2;-0.1;10.5;182.6;75.3;161.2;45;1.4;-1.6;-;25.1;-
ENG;200506;12.2;100.90;238;903.7;30.1;0.4;15.0;114.5;72.1;202.2;54;1.4;-3.0;-;31.0;-
ENG;200507;13.4;63.42;173;902.1;28.6;4.9;14.9;142.2;80.2;127.8;34;1.2;1.9;-;37.1;-
ENG;200508;12.6;39.62;141;902.5;24.0;4.3;12.7;391.6;86.0;110.6;33;1.1;1.6;-;43.3;-
ENG;200509;12.1;40.82;133;903.1;24.8;1.8;12.5;71.7;83.7;137.8;48;1.2;-0.8;-;34.7;-
ENG;200510;8.5;34.83;116;903.5;22.5;0.3;8.7;73.1;77.0;167.4;70;0.8;-0.3;-;27.4;-
ENG;200511;5.7;10.33;57;900.0;15.9;-13.3;1.1;36.6;80.9;67.0;47;0.8;-19.0;-;32.2;-
ENG;200512;3.9;2.62;36;898.7;8.5;-16.9;-4.4;92.3;86.4;27.2;36;1.0;-20.0;-;32.8;-
ENG;200601;3.7;3.67;51;902.6;8.8;-15.1;-3.5;35.9;77.7;63.4;56;1.0;-19.7;-;29.2;-
ENG;200602;4.1;3.12;82;895.5;8.2;-13.5;-2.8;72.0;81.4;68.2;35;1.1;-18.2;-;31.9;-
ENG;200603;5.0;4.21;130;894.0;17.5;-17.7;-0.3;143.7;80.7;105.1;38;1.2;-20.4;-;31.2;-
ENG;200604;7.0;14.83;160;898.3;19.3;-6.9;5.4;153.0;78.7;119.0;38;1.3;-8.5;-;24.6;-
ENG;200605;9.7;39.98;175;900.0;22.4;-1.3;10.5;250.2;76.7;114.0;32;1.4;-;-;24.5;-
ENG;200606;12.7;87.28;236;903.3;28.6;0.1;14.6;143.5;75.9;196.9;52;1.4;-;-;32.4;-
ENG;200607;16.4;92.56;236;903.8;28.9;10.8;18.6;144.4;78.1;220.3;59;1.2;-;-;39.9;-
ENG;200608;12.0;30.40;124;897.8;23.7;3.4;11.7;262.6;88.0;80.9;24;1.0;-;-;42.5;-
ENG;200609;13.3;43.11;141;900.2;25.5;5.1;14.4;108.0;82.2;150.7;53;1.1;-;-;37.1;-
ENG;200610;10.2;25.63;96;899.1;20.5;2.3;10.5;40.8;80.9;133.5;55;0.9;-;-;38.8;-
ENG;200611;6.7;13.37;51;901.4;17.9;-4.9;5.6;28.8;74.6;71.3;49;1.5;-;-;33.8;-
ENG;200612;4.8;4.59;34;904.7;13.7;-10.9;-0.2;79.5;79.0;48.2;63;0.9;-;-;36.4;-
ENG;200701;5.5;2.86;45;901.7;13.3;-14.0;1.0;81.7;80.7;52.0;47;1.1;-6.8;-;27.9;-
ENG;200702;5.1;5.10;85;894.1;11.5;-6.8;2.0;75.9;74.0;92.2;47;1.1;-8.2;-;25.0;-
ENG;200703;5.5;6.48;147;896.2;14.8;-8.6;2.4;117.6;76.8;141.8;51;1.5;-8.5;-;27.0;-
ENG;200704;7.9;32.59;237;900.3;22.8;-1.5;10.5;30.0;63.9;230.3;73;1.7;-3.4;-;22.5;-
ENG;200705;9.7;56.06;198;895.6;25.0;-0.8;11.3;253.8;73.8;140.2;40;1.7;-3.3;-;22.0;-
ENG;200706;12.7;55.98;211;897.6;25.6;4.6;13.8;186.8;81.2;133.6;36;1.6;4.2;-;28.3;-
ENG;200707;12.6;80.34;210;899.9;28.6;3.9;14.4;249.5;78.3;154.0;42;1.7;2.2;-;21.6;-
ENG;200708;13.4;45.58;159;899.3;27.3;5.9;13.8;233.2;85.2;121.0;37;1.4;4.1;-;42.4;-
ENG;200709;10.1;40.55;157;902.0;20.9;0.1;9.9;131.2;82.5;149.9;53;1.4;-0.6;-;41.5;-
ENG;200710;8.5;24.49;105;902.8;20.9;-2.5;6.7;59.0;83.7;123.2;52;1.3;-4.5;-;44.0;-
ENG;200711;5.4;6.39;52;899.2;12.1;-12.2;0.2;79.8;84.8;54.5;39;1.2;-15.8;-;34.0;-
ENG;200712;4.4;3.69;33;902.2;12.9;-14.2;-1.8;102.6;79.5;32.8;44;0.9;-15.9;-;31.8;-
ENG;200801;4.7;4.28;50;900.6;12.9;-12.7;1.0;71.1;73.0;60.0;54;1.6;-14.8;-;17.3;-
ENG;200802;4.9;6.48;106;905.2;13.5;-10.3;0.8;35.4;74.5;136.2;67;1.2;-13.1;-;23.0;-
ENG;200803;5.2;4.65;126;890.3;15.6;-14.0;1.2;118.7;77.5;86.1;31;1.7;-17.5;-;22.2;-
ENG;200804;6.7;14.79;170;892.7;17.4;-5.7;4.9;181.6;77.9;112.3;36;1.7;-7.9;-;25.1;-
ENG;200805;9.3;70.72;225;896.5;24.2;1.9;12.2;55.3;67.5;166.8;48;2.0;-0.6;-;19.9;-
ENG;200806;12.9;54.51;199;899.9;28.0;3.2;13.8;144.9;82.5;124.8;33;1.6;1.1;-;33.5;-
ENG;200807;13.2;71.93;212;900.3;25.9;3.7;14.5;242.2;80.5;161.2;44;1.6;2.3;-;39.4;-
ENG;200808;13.7;49.62;184;899.7;25.0;4.4;14.4;245.1;83.7;149.6;45;1.5;2.2;-;40.8;-
ENG;200809;10.5;29.24;122;899.7;24.2;-0.3;9.6;159.0;86.4;103.8;36;1.5;-2.9;-;33.6;-
ENG;200810;8.7;20.22;95;900.1;17.8;-4.3;7.3;127.8;84.7;95.0;40;1.1;-4.4;44;29.7;2
ENG;200811;5.9;7.96;52;895.7;15.9;-11.1;2.0;82.0;82.3;54.8;39;1.5;-12.4;73;27.8;12
ENG;200812;4.5;2.80;30;896.8;9.2;-13.0;-2.0;75.2;84.1;24.5;33;1.3;-15.2;72;27.5;28
ENG;200901;3.5;3.32;48;893.2;10.1;-15.2;-4.5;48.4;78.0;47.7;43;0.8;-15.5;44;33.2;36
ENG;200902;4.3;2.77;78;893.5;8.9;-15.7;-2.2;95.6;81.2;51.6;26;1.4;-19.5;195;29.2;66
ENG;200903;5.1;4.12;127;895.5;9.6;-9.2;0.7;115.6;78.8;81.2;29;1.3;-11.3;97;22.6;80
ENG;200904;6.8;25.12;212;895.2;18.8;0.2;8.3;73.8;64.9;183.6;58;2.2;-2.2;0;22.3;14
ENG;200905;10.0;69.21;232;901.6;28.2;-0.3;12.5;87.8;70.4;175.3;50;1.8;-2.5;0;23.4;0
ENG;200906;12.0;55.14;209;899.3;26.9;4.0;12.9;232.0;80.9;138.0;37;1.6;1.8;0;29.6;0
ENG;200907;13.5;64.52;202;900.8;26.5;5.4;15.1;271.2;79.2;139.8;38;1.6;4.2;0;27.2;0
ENG;200908;14.7;72.74;204;902.3;27.8;4.6;16.4;134.8;80.0;188.4;57;1.5;1.2;0;28.3;0
ENG;200909;12.1;39.99;153;902.4;26.8;3.7;12.4;53.6;84.3;148.0;52;1.4;-0.2;0;35.0;0
ENG;200910;8.2;23.43;97;899.6;22.7;-6.6;6.9;107.8;79.9;103.8;44;1.3;-7.3;29;26.7;2
ENG;200911;6.8;9.07;51;894.1;19.4;-3.7;4.9;161.3;78.6;50.6;36;1.2;-6.4;61;26.7;0
ENG;200912;4.6;2.90;36;888.9;12.4;-16.9;-2.0;92.1;82.2;21.1;28;1.1;-20.5;67;27.1;36
ENG;201001;3.6;2.63;46;891.9;4.2;-13.6;-5.1;47.1;83.5;44.5;40;0.8;-16.6;98;39.7;38
ENG;201002;3.9;4.56;96;885.8;10.8;-15.5;-2.2;29.8;72.7;80.2;41;1.4;-7.7;49;19.4;48
ENG;201003;4.9;7.13;145;896.7;16.8;-12.0;1.3;65.3;71.6;124.0;45;1.9;-15.1;37;20.1;21
ENG;201004;7.0;21.03;190;898.9;22.5;-5.2;6.7;44.2;71.7;148.7;47;1.6;-7.1;4;24.2;0
ENG;201005;9.1;28.53;152;895.7;24.2;0.0;8.2;279.0;84.4;71.1;20;1.5;-1.8;0;33.0;0
ENG;201006;12.0;78.28;212;898.1;25.7;3.9;13.5;168.9;79.3;155.1;41;1.8;-0.3;0;27.1;0
ENG;201007;14.4;87.23;233;902.0;29.6;5.3;16.4;285.4;78.5;195.1;53;1.6;3.9;0;34.8;0
ENG;201008;13.4;40.17;149;900.0;26.8;3.3;13.8;272.8;84.8;102.4;31;1.3;2.1;0;37.5;0
ENG;201009;10.4;33.67;139;898.9;19.6;1.9;10.0;150.2;84.3;120.9;42;1.3;0.1;0;33.4;0
ENG;201010;7.9;23.00;94;896.0;21.9;-4.3;6.4;87.7;82.2;100.4;42;1.4;-6.7;13;27.0;1
ENG;201011;6.2;7.60;54;889.2;17.3;-13.7;1.7;114.4;85.8;55.1;39;0.9;-7.6;41;25.6;6
ENG;201012;4.2;2.51;35;891.3;12.3;-14.8;-3.5;88.5;85.8;25.4;34;1.1;-16.5;121;33.1;31
ENG;201101;4.3;3.03;51;898.2;10.2;-15.2;-2.7;48.1;82.1;59.5;54;1.0;-18.3;31;31.0;34
ENG;201102;4.6;5.80;93;898.0;10.1;-13.6;0.1;45.4;75.2;106.0;54;0.8;-15.2;55;24.5;34
ENG;201103;5.6;7.18;151;900.2;15.8;-6.9;3.5;44.5;72.9;157.7;57;1.6;-8.9;4;24.0;18
ENG;201104;7.3;29.52;226;899.7;22.0;-2.9;9.1;47.0;65.4;220.5;70;1.7;-5.8;0;21.0;0
ENG;201105;9.8;68.10;231;901.3;24.9;0.4;11.8;131.4;72.1;188.2;54;1.8;-2.7;0;23.6;0
ENG;201106;12.4;49.23;187;900.5;28.6;3.5;13.1;178.1;82.7;111.6;30;1.7;0.8;0;36.8;0
ENG;201107;12.1;62.27;197;897.6;28.1;4.2;12.9;221.4;81.5;132.7;36;1.7;2.3;0;37.0;0
ENG;201108;13.8;86.99;217;900.5;28.5;4.8;16.2;166.2;76.7;208.2;63;1.7;2.1;0;27.1;0
ENG;201109;12.7;42.30;156;902.1;24.6;4.1;13.3;122.0;83.2;167.6;59;1.5;1.5;0;38.7;0
ENG;201110;8.1;32.40;117;902.7;19.4;-4.2;7.2;150.7;78.8;159.7;67;1.6;-6.9;0;27.8;0
ENG;201111;5.6;19.85;68;901.4;20.2;-3.9;5.1;0.0;63.9;107.7;77;1.4;-7.4;0;27.0;0
ENG;201112;5.4;2.76;25;898.5;12.5;-11.5;0.5;270.2;83.9;18.7;25;1.4;-11.6;112;35.1;19
ENG;201201;4.7;2.23;37;901.7;11.0;-12.5;-1.2;143.6;82.4;28.9;26;1.5;-15.1;94;22.2;47
ENG;201202;3.3;3.37;97;902.1;9.7;-23.8;-7.1;22.8;83.3;95.1;47;1.5;-25.5;62;27.3;82
ENG;201203;5.5;10.65;174;905.7;15.8;-6.7;4.4;36.9;67.4;206.4;75;1.5;-8.8;29;20.1;30
ENG;201204;6.5;21.76;168;888.5;22.7;-7.4;5.9;115.0;74.4;111.1;35;3.1;-9.4;0;19.9;0
ENG;201205;9.4;60.31;223;898.5;26.0;-2.8;11.1;133.7;72.6;157.6;45;2.0;-5.2;0;23.3;0
ENG;201206;13.1;62.67;210;899.0;28.8;3.1;14.2;253.8;81.4;149.6;40;1.8;0.3;0;23.6;0
ENG;201207;13.4;66.01;194;900.6;28.7;4.4;14.7;170.8;81.1;143.3;39;1.7;1.4;0;33.0;0
ENG;201208;14.4;78.93;207;902.0;28.8;4.7;16.4;190.7;78.4;193.1;59;1.7;3.3;0;34.8;0
ENG;201209;11.1;40.06;144;899.8;23.3;1.0;11.5;136.9;82.3;133.6;47;1.7;-1.1;0;34.3;0
ENG;201210;8.8;23.96;95;895.8;24.9;-7.3;7.6;168.0;83.7;110.7;47;1.4;-10.1;23;11.6;1
ENG;201211;6.2;12.38;60;895.2;14.1;-6.6;3.7;82.0;78.5;79.0;57;1.2;-5.2;34;35.0;5
ENG;201212;4.7;2.88;31;895.2;10.4;-14.9;-1.3;179.4;81.4;18.4;25;1.3;-17.5;121;31.8;52
ENG;201301;4.4;2.67;47;894.5;13.7;-16.0;-2.2;78.9;82.2;40.1;36;1.3;-17.7;84;17.8;49
ENG;201302;3.8;2.67;86;892.6;8.2;-15.3;-4.8;84.8;85.9;66.2;34;1.7;-18.1;163;27.1;117
ENG;201303;4.9;3.99;130;887.4;10.9;-12.0;0.5;55.4;78.3;90.4;33;2.1;-14.1;61;15.8;66
ENG;201304;7.2;16.72;182;896.0;21.9;-9.7;5.8;107.7;79.4;131.3;42;1.7;-11.3;18;19.8;16
ENG;201305;8.7;30.91;177;894.3;20.0;-0.6;7.9;253.3;83.0;93.6;27;2.0;-2.0;0;31.2;0
ENG;201306;11.0;72.03;209;901.1;30.7;3.5;12.9;157.1;76.9;130.9;35;1.9;1.1;0;21.9;0
ENG;201307;14.4;97.60;254;903.2;30.5;6.4;16.8;138.9;77.1;217.7;60;1.8;4.3;0;32.1;0
ENG;201308;13.8;69.08;197;902.2;30.0;6.1;15.2;164.3;80.7;170.2;52;1.7;2.4;0;33.4;0
ENG;201309;11.6;38.05;133;900.0;25.2;3.4;12.0;149.4;83.4;123.6;43;1.5;-1.0;0;35.0;0
ENG;201310;9.8;20.66;96;899.9;21.5;-0.1;9.4;97.8;83.8;110.1;46;1.5;-0.6;2;28.6;0
ENG;201311;5.8;5.43;47;896.3;14.6;-12.9;0.5;144.8;87.6;40.4;29;1.5;-15.2;86;34.8;13
ENG;201312;4.2;6.48;36;902.7;11.6;-13.4;0.0;45.9;69.9;53.8;72;1.6;-15.0;30;29.6;19
ENG;201401;5.0;2.91;45;891.7;11.1;-10.1;0.5;61.9;78.1;38.6;35;1.6;-13.6;54;27.2;8
ENG;201402;4.9;4.55;91;891.5;9.7;-4.9;1.0;80.8;75.9;92.2;47;1.9;-9.0;50;17.0;26
ENG;201403;5.5;9.66;160;897.7;17.7;-7.6;3.8;61.0;71.6;176.3;64;1.6;-9.0;36;18.5;13
ENG;201404;7.5;17.32;186;896.3;18.4;-2.9;7.8;94.1;72.3;150.3;48;2.0;-6.4;13;25.4;1
ENG;201405;8.7;47.94;182;898.5;22.5;-0.5;9.1;196.1;77.3;115.8;33;2.2;-3.5;0;28.0;0
ENG;201406;11.9;84.84;231;900.3;30.8;3.6;14.4;153.6;75.0;176.9;47;1.9;1.4;0;26.5;0
ENG;201407;13.6;59.02;175;899.0;28.6;4.9;14.7;382.8;83.3;118.7;33;1.8;2.4;0;28.4;0
ENG;201408;13.0;36.26;153;899.2;26.2;4.3;13.2;224.6;85.5;100.6;31;1.7;1.5;0;41.4;0
ENG;201409;11.9;31.67;141;901.1;21.5;2.7;12.1;83.2;84.2;125.0;44;1.6;0.6;0;42.2;0
ENG;201410;9.9;26.46;105;900.6;22.3;-1.8;10.0;111.9;81.1;131.2;55;1.7;-4.7;5;25.8;0
ENG;201411;7.1;11.94;61;893.7;16.3;-2.4;6.0;122.6;78.0;74.8;54;1.8;-5.4;18;26.3;2
ENG;201412;5.3;2.41;26;900.2;12.4;-15.0;0.1;85.5;85.6;17.1;23;1.5;-12.1;64;24.2;5
ENG;201501;4.6;2.63;41;898.2;16.1;-10.6;-0.6;134.9;79.5;32.6;29;1.7;-12.3;148;10.1;26
ENG;201502;4.0;4.26;88;895.2;7.6;-12.2;-2.7;45.7;80.5;85.7;44;1.5;-13.9;56;28.3;49
ENG;201503;5.6;6.84;135;900.1;15.2;-9.3;3.3;150.8;73.3;137.6;50;2.0;-12.0;23;26.9;24
ENG;201504;6.6;25.27;200;901.4;20.2;-8.4;6.7;101.7;69.3;179.6;57;1.9;-9.6;16;16.3;1
ENG;201505;9.7;50.55;192;899.5;25.1;-0.1;10.6;261.6;78.2;137.5;39;2.0;-1.9;20;27.2;1
ENG;201506;12.9;78.35;230;902.4;27.8;6.5;14.9;176.2;78.1;179.4;48;2.1;4.0;0;30.5;0
ENG;201507;14.7;120.16;236;901.6;33.1;5.8;18.7;91.8;69.6;204.3;56;1.9;2.5;0;30.0;0
ENG;201508;14.6;82.55;205;901.0;30.6;7.2;16.7;135.5;78.7;191.4;58;1.8;2.4;0;30.6;0
ENG;201509;10.3;27.85;117;900.1;23.5;1.8;10.0;121.6;84.5;88.9;31;1.9;-1.7;0;32.7;0
ENG;201510;8.4;19.78;99;899.1;17.8;-1.8;6.6;72.2;85.4;109.8;46;1.5;-5.6;2;34.0;0
ENG;201511;6.4;18.20;65;902.9;20.5;-11.4;5.3;124.7;71.8;97.9;70;1.7;-7.5;-;14.6;6
ENG;201512;5.1;6.83;36;909.1;10.5;-5.0;3.0;17.8;67.9;55.7;75;1.3;-7.5;0;31.1;11
ENG;201601;5.1;2.56;40;895.9;10.6;-15.9;0.1;115.9;80.4;36.6;33;1.5;-17.3;59;27.6;12
ENG;201602;5.3;3.06;72;893.7;12.9;-9.1;1.1;131.1;81.5;62.9;31;2.1;-10.4;122;26.8;10
ENG;201603;5.0;6.80;147;894.1;17.4;-10.5;1.6;57.3;74.3;134.7;49;1.9;-13.4;57;27.7;11
ENG;201604;7.0;16.85;174;894.5;18.7;-4.2;6.4;163.1;74.9;123.0;39;2.3;-7.2;62;21.0;3
ENG;201605;8.7;60.14;202;896.4;24.3;-0.8;9.6;254.3;74.3;146.5;42;2.1;-4.7;2;24.7;0
ENG;201606;12.7;52.42;204;899.0;29.8;4.8;13.2;203.6;84.3;129.5;34;1.7;0.7;0;38.8;0
ENG;201607;14.3;83.21;227;902.8;29.4;3.4;16.0;220.4;79.5;182.5;50;1.9;-0.2;0;32.6;0
ENG;201608;14.1;68.44;194;904.1;28.9;6.1;15.6;196.4;80.3;174.2;53;1.8;3.0;0;37.4;0
ENG;201609;12.6;44.50;156;902.7;23.6;4.9;13.5;111.5;82.2;158.6;56;1.8;1.0;0;28.8;0
ENG;201610;8.3;17.78;93;901.4;20.0;-2.2;6.3;84.8;86.0;102.8;43;1.6;-5.0;0;33.0;0
ENG;201611;6.2;7.82;50;896.6;15.7;-7.3;3.6;71.9;80.7;42.0;30;2.6;-8.1;39;26.4;3
ENG;201612;4.1;8.17;37;908.5;8.9;-6.3;0.9;1.9;63.9;64.1;86;1.4;-9.5;0;25.2;0
ENG;201701;3.5;3.96;50;900.4;7.0;-15.9;-4.8;106.5;78.5;64.4;58;1.6;-20.2;119;29.0;30
ENG;201702;5.2;5.10;92;898.0;15.0;-6.6;1.5;62.5;77.0;99.4;51;1.7;-9.6;44;15.0;15
ENG;201703;6.6;8.43;147;898.9;18.9;-6.2;5.9;150.5;72.1;156.3;57;2.1;-8.7;32;23.7;2
ENG;201704;6.7;19.91;188;900.2;20.2;-6.6;5.6;131.1;75.1;148.6;47;2.2;-9.6;120;25.9;7
ENG;201705;9.5;76.36;245;899.8;27.4;-1.5;11.5;121.5;71.7;196.6;56;2.3;-3.5;0;28.5;0
ENG;201706;13.9;82.50;242;900.2;30.0;3.3;16.4;159.3;75.4;181.9;48;2.0;-0.8;0;26.2;0
ENG;201707;14.0;71.55;200;901.1;29.3;7.6;15.9;198.2;78.7;141.1;39;1.9;3.4;0;26.6;0
ENG;201708;14.5;71.45;191;902.5;29.2;6.1;16.3;260.9;79.1;173.1;53;1.9;2.6;0;27.3;0
ENG;201709;10.2;28.72;124;899.7;21.2;0.6;9.9;154.1;83.1;95.8;34;1.9;-3.0;0;32.5;0
ENG;201710;8.5;35.72;110;904.4;19.8;-1.8;8.7;121.5;76.7;142.2;60;1.7;-4.2;0;28.9;0
ENG;201711;5.5;8.38;56;898.1;13.5;-8.1;0.9;135.9;83.5;59.1;42;1.6;-4.3;117;36.1;10
ENG;201712;4.5;3.36;32;897.3;11.1;-12.4;-1.8;124.8;82.4;32.8;44;1.7;-13.4;115;31.6;23
ENG;201801;5.6;2.76;40;896.9;13.1;-5.7;2.5;248.0;77.4;39.7;36;2.3;-;41;27.1;5
ENG;201802;3.8;2.21;72;892.8;4.4;-19.2;-4.9;67.4;85.2;47.7;24;1.7;-21.3;70;48.8;13
ENG;201803;5.3;3.90;119;885.9;13.8;-11.9;1.3;152.4;79.6;73.8;27;1.8;-8.5;103;28.6;8
ENG;201804;7.1;33.64;227;896.2;23.1;-4.1;10.1;39.5;59.5;205.1;65;2.5;-5.9;0;18.5;3
ENG;201805;10.7;49.71;203;897.8;24.1;3.5;11.7;116.4;79.3;148.8;42;2.0;-0.5;0;30.5;0
ENG;201806;12.8;88.62;263;900.2;27.0;4.2;15.0;80.6;75.5;204.7;55;2.1;1.7;0;31.0;0
ENG;201807;13.8;102.47;231;900.7;28.1;7.7;17.1;103.4;72.7;187.2;51;1.9;3.7;0;34.7;0
ENG;201808;14.2;76.41;199;902.2;30.1;5.8;16.5;169.0;77.2;173.5;53;1.9;4.4;0;34.0;0
ENG;201809;12.1;46.59;161;904.3;24.7;1.6;13.2;127.7;80.4;155.8;55;1.8;-1.2;0;37.3;0
ENG;201810;8.4;38.58;115;899.7;20.9;-1.3;8.9;124.5;75.2;156.5;66;2.2;-3.7;9;18.5;0
ENG;201811;6.6;8.02;50;897.2;17.4;-6.5;3.8;8.9;82.5;53.2;38;1.7;-8.9;7;27.5;1
ENG;201812;5.6;2.95;28;901.7;11.1;-12.9;0.8;213.1;83.0;25.3;34;1.6;-16.8;21;33.6;4
ENG;201901;3.8;3.09;49;895.9;5.0;-12.1;-3.8;125.8;79.7;49.7;45;1.7;-16.8;152;37.8;40
ENG;201902;4.5;7.85;119;903.5;15.1;-10.0;1.2;38.4;68.5;149.6;77;1.6;-12.2;67;23.4;51
ENG;201903;5.0;9.55;149;900.8;15.5;-6.9;3.9;84.7;63.9;142.7;52;2.3;-8.8;37;14.1;3
ENG;201904;6.1;21.30;178;894.8;19.7;-4.6;6.2;183.3;69.6;127.7;41;2.5;-5.8;109;13.6;8
ENG;201905;7.9;43.73;191;896.9;20.2;-3.9;7.5;178.4;76.7;108.0;31;2.1;-8.2;36;31.5;3
ENG;201906;12.4;128.74;268;900.9;31.5;5.0;16.4;129.3;68.7;230.6;61;2.2;2.6;0;21.2;0
ENG;201907;14.4;87.43;212;900.3;31.2;8.1;17.2;118.8;75.1;158.4;43;1.9;5.4;0;30.2;0
ENG;201908;14.0;68.76;192;902.0;28.2;7.1;15.7;164.7;79.4;165.8;50;1.9;4.5;0;30.6;0
ENG;201909;11.6;38.34;146;902.5;23.3;4.3;12.1;89.0;82.6;136.3;48;1.7;1.6;0;29.3;0
ENG;201910;9.5;26.33;90;898.9;22.6;0.8;10.0;176.3;79.5;99.2;42;1.9;-1.8;0;20.2;0
ENG;201911;6.4;5.49;48;888.0;13.6;-5.8;2.7;118.9;85.4;42.0;30;1.7;-8.7;42;27.0;4
ENG;201912;5.2;4.22;31;896.3;15.5;-8.6;2.6;87.6;73.6;27.8;37;2.4;-11.1;20;27.1;2
ENG;202001;4.5;5.27;52;904.9;9.4;-11.3;0.6;34.5;70.4;81.4;74;1.4;-13.5;30;30.8;4
ENG;202002;5.0;6.04;86;900.3;16.5;-8.0;3.5;129.1;64.2;93.9;46;2.3;-10.5;35;16.7;3
ENG;202003;5.7;6.43;142;897.3;15.6;-6.9;2.9;66.3;76.0;135.3;49;1.9;-9.4;13;30.6;1
ENG;202004;7.1;28.34;231;898.5;20.3;-6.6;9.4;53.5;61.8;216.1;69;2.0;-9.1;0;20.5;0
ENG;202005;9.4;67.38;225;900.9;25.2;-0.4;10.7;119.1;75.0;174.0;50;2.2;-1.1;1;27.0;0
ENG;202006;11.7;65.10;203;897.8;25.4;4.5;13.1;192.2;79.0;130.6;35;2.1;0.7;0;24.8;0
ENG;202007;13.8;90.89;229;901.9;29.2;6.3;16.1;191.8;76.6;184.8;51;2.0;2.7;0;37.3;0
ENG;202008;14.0;70.58;185;900.0;28.1;5.0;15.9;298.0;78.2;155.5;47;1.9;2.5;0;27.0;0
ENG;202009;12.2;42.40;155;900.7;24.4;0.9;12.8;90.2;82.3;149.6;52;1.8;-1.9;0;39.5;0
ENG;202010;8.2;17.41;87;896.6;17.8;-1.6;6.5;223.8;84.2;83.6;35;1.7;-5.4;0;34.0;0
ENG;202011;6.5;12.15;61;905.0;17.8;-6.9;4.1;28.7;78.4;91.9;66;1.4;-10.5;0;38.3;0
ENG;202012;4.9;2.76;34;890.4;9.8;-12.5;-0.6;129.6;82.2;19.8;27;1.7;-15.3;185;29.6;43
ENG;202101;4.2;2.06;43;892.0;9.1;-15.6;-3.1;213.5;84.7;35.1;32;1.8;-17.2;112;33.0;50
ENG;202102;5.0;5.41;94;898.6;14.6;-17.0;1.6;48.5;73.1;89.8;46;1.7;-19.7;23;15.6;33
ENG;202103;4.8;8.96;152;902.0;19.0;-9.6;2.5;90.5;68.0;136.4;49;1.9;-11.8;66;18.9;13
ENG;202104;5.7;22.00;212;898.2;18.8;-7.3;4.6;42.7;68.1;161.3;51;2.2;-10.8;27;19.9;1
ENG;202105;7.6;53.12;201;896.9;22.9;-0.8;7.8;205.7;73.9;124.3;35;2.3;-3.6;0;19.0;0
ENG;202106;13.0;92.74;255;901.6;28.4;5.6;15.8;158.8;74.4;190.8;51;2.1;0.2;0;31.4;0
ENG;202107;13.9;51.95;186;900.1;26.0;5.2;14.7;413.1;84.1;124.9;34;1.9;1.4;0;39.0;0
ENG;202108;13.2;51.25;169;901.0;28.2;6.5;14.2;129.6;82.2;116.1;35;1.9;3.8;0;33.6;0
ENG;202109;12.4;42.99;164;902.8;22.6;3.9;13.1;98.4;82.7;158.3;56;1.8;0.2;0;42.6;0
ENG;202110;7.6;33.61;112;901.8;21.7;-1.6;7.5;53.4;74.5;135.2;57;2.0;-4.8;0;23.9;0
ENG;202111;6.0;8.34;50;896.7;15.9;-7.8;1.8;66.4;85.5;59.0;42;1.5;-7.7;60;33.3;4
ENG;202112;4.9;2.87;33;896.8;13.8;-12.2;-1.0;158.8;84.5;30.9;42;1.5;-13.5;91;25.6;37
ENG;202201;4.2;4.33;53;904.9;13.9;-11.1;-1.2;56.3;75.0;69.8;63;1.6;-13.8;59;26.6;16
ENG;202202;4.7;5.55;99;901.9;11.5;-11.7;0.8;105.1;72.6;102.7;53;1.8;-14.8;45;29.6;24
ENG;202203;4.6;14.05;170;901.7;16.5;-8.3;3.9;21.4;57.6;210.5;76;1.7;-10.6;3;17.6;3
ENG;202204;6.8;22.10;200;895.0;20.6;-7.8;6.1;104.4;73.1;165.2;53;2.3;-11.3;46;21.6;5
ENG;202205;11.1;50.27;207;901.3;27.9;1.5;12.7;91.6;76.5;143.6;41;2.1;-1.2;0;32.5;0
ENG;202206;13.6;89.54;234;901.0;30.6;6.6;16.3;205.9;75.5;193.1;51;2.1;2.8;0;21.4;0
ENG;202207;13.8;126.59;255;904.4;30.4;7.2;17.5;104.5;70.9;223.1;61;2.1;4.6;0;24.8;0
ENG;202208;14.2;82.93;204;901.0;29.7;8.9;16.5;142.7;77.3;183.9;56;1.9;4.2;0;33.1;0
ENG;202209;11.1;36.60;139;897.9;23.9;2.2;11.2;150.5;82.6;113.5;40;1.7;-0.6;0;34.8;0
ENG;202210;10.5;28.41;98;904.1;22.3;2.4;11.8;83.1;77.0;117.3;49;1.7;-0.3;0;22.9;0
ENG;202211;6.7;9.79;56;897.5;13.7;-3.9;4.5;67.1;78.7;60.9;44;1.4;-7.5;2;30.7;0
ENG;202212;5.4;2.36;32;895.6;15.9;-13.7;0.0;138.1;86.0;24.8;33;1.5;-17.0;64;31.0;14
ENG;202301;4.6;2.51;43;898.2;13.0;-13.4;-1.3;37.2;79.9;32.3;29;1.5;-16.4;36;33.2;6
ENG;202302;4.8;6.17;100;905.9;13.2;-10.9;0.9;38.0;73.4;119.6;61;1.6;-12.7;24;24.4;7
ENG;202303;5.9;5.93;125;894.7;16.7;-7.5;3.9;155.9;73.2;114.8;42;2.1;-11.0;30;21.6;2
ENG;202304;7.0;12.50;166;896.7;16.7;-4.3;5.1;156.8;78.7;107.8;34;2.0;-6.8;7;26.0;0
ENG;202305;10.2;41.26;192;899.6;22.4;2.2;10.3;169.9;82.5;128.0;36;1.9;-0.4;0;35.1;0
ENG;202306;12.3;107.82;264;900.0;27.5;7.1;16.2;99.5;68.1;210.9;56;2.2;3.0;0;28.4;0
ENG;202307;14.1;85.90;215;900.5;32.1;6.1;16.9;222.1;75.5;154.9;42;2.0;3.2;0;20.7;0
ENG;202308;14.2;72.42;182;900.6;30.5;5.7;16.3;273.4;77.2;149.7;45;1.9;3.5;0;31.5;0
ENG;202309;13.4;59.06;175;902.4;25.7;2.5;15.2;63.9;77.7;191.4;67;1.9;-2.0;0;37.6;0
ENG;202310;9.4;42.89;110;897.1;23.1;1.5;11.0;119.2;73.1;141.6;60;1.8;-1.6;0;22.0;0
ENG;202311;6.3;5.98;41;892.6;15.7;-8.1;2.8;283.7;83.0;28.8;21;1.9;-5.0;24;30.4;2
ENG;202312;5.6;3.28;31;898.7;14.0;-12.5;1.8;214.1;80.4;27.2;37;1.7;-7.1;47;24.0;10
ENG;202401;4.9;3.42;48;899.7;14.8;-15.3;-0.2;111.9;79.2;50.4;46;1.6;-17.0;85;28.8;20