stn;time;tso010m0;pva200m0;nto000m0;gre000m0;prestam0;tre200mx;tre200mn;tre200m0;hns000m0;rre150m0;ure200m0;hto000m0;su2000m0;sremaxmv;fkl010m0;ets150m0;tre005mn;ure200mn
SAM;200001;0.1;2.3;32;79;830.5;8.7;-30.0;-11.0;19;15.4;78.1;36;151.2;74;1.2;5.41;-20.7;-
SAM;200002;0.1;3.2;48;108;830.8;8.1;-22.8;-5.6;35;9.0;76.1;34;112.2;52;1.6;4.41;-24.8;-
SAM;200003;0.1;3.9;59;161;827.9;10.5;-17.7;-1.3;20;24.9;69.1;21;119.0;44;2.4;5.99;-19.1;-
SAM;200004;2.7;5.4;72;187;822.3;16.3;-12.1;2.4;35;64.0;74.8;4;97.1;33;2.4;5.86;-14.5;-
SAM;200005;10.8;7.7;69;230;830.1;20.0;-5.4;8.1;0;58.2;72.9;0;152.5;44;2.7;18.96;-10.5;-
SAM;200006;13.9;8.8;54;268;834.2;22.5;-3.3;11.1;0;42.1;69.0;0;205.8;57;2.7;89.93;-7.0;-
SAM;200007;13.6;8.5;65;255;828.7;23.4;-3.5;10.2;0;155.1;69.8;0;188.3;53;3.0;111.77;-7.2;-
SAM;200008;14.5;9.8;57;214;834.0;24.0;-0.2;11.8;0;143.2;74.2;0;200.7;63;2.4;101.08;-6.6;-
SAM;200009;11.0;7.8;56;172;830.1;23.6;-4.6;8.0;0;59.4;74.6;0;169.0;62;2.2;61.74;-9.3;-
SAM;200010;7.2;6.8;74;86;829.0;16.0;-6.2;4.7;14;161.2;79.8;0;83.1;34;2.2;15.36;-10.3;-
SAM;200011;2.1;4.4;70;63;822.8;3.7;-21.2;-3.5;130;209.7;88.2;33;69.2;34;1.2;4.73;-24.9;-
SAM;200012;1.0;3.7;63;56;824.9;5.9;-26.9;-5.8;43;30.9;85.4;39;88.6;45;1.4;4.31;-28.7;-
SAM;200101;0.4;3.2;67;68;823.7;3.5;-28.9;-8.0;129;76.5;85.1;63;87.5;43;1.5;2.95;-32.3;-
SAM;200102;0.4;3.2;55;115;826.6;6.4;-28.6;-6.3;93;31.4;77.0;86;115.3;55;1.9;4.23;-29.5;-
SAM;200103;0.4;4.8;75;151;820.0;9.4;-25.5;-0.1;68;74.3;77.8;75;86.2;32;2.5;3.72;-24.4;-
SAM;200104;1.1;4.2;73;215;823.6;10.9;-14.9;-0.1;54;35.4;70.0;33;96.1;33;2.4;6.47;-17.0;-
SAM;200105;10.2;7.3;62;249;829.7;22.1;-5.5;8.2;0;25.5;69.8;1;179.8;52;2.2;28.08;-9.3;-
SAM;200106;12.5;7.4;60;263;830.7;23.3;-6.8;8.7;6;177.1;68.2;0;198.6;55;2.4;98.62;-10.7;-
SAM;200107;15.2;10.0;66;244;831.3;25.0;-0.3;12.1;0;87.8;73.3;0;196.1;55;2.4;105.95;-5.4;-
SAM;200108;15.3;10.3;57;225;833.3;24.4;-2.4;12.5;0;129.1;73.4;0;211.0;66;2.3;106.42;-5.4;-
SAM;200109;9.6;6.7;74;141;827.4;15.7;-5.0;5.2;4;68.0;76.4;0;103.4;38;2.2;43.82;-8.6;-
SAM;200110;7.5;6.8;47;125;834.1;20.9;-7.3;5.6;0;67.2;76.7;0;173.7;71;2.0;28.88;-10.6;-
SAM;200111;1.2;3.8;46;78;828.7;14.6;-17.5;-2.5;25;16.4;74.9;3;121.6;59;1.8;13.30;-22.8;-
SAM;200112;-2.7;2.7;48;63;827.3;5.7;-25.3;-8.4;13;3.9;74.9;1;120.4;61;1.8;8.02;-28.3;-
SAM;200201;-6.2;2.5;29;77;833.3;11.1;-23.5;-7.9;3;2.1;71.7;1;155.4;76;1.3;7.36;-26.1;-
SAM;200202;-2.0;3.6;60;104;826.6;9.3;-21.6;-3.1;39;14.0;73.8;10;96.3;46;2.4;4.16;-25.6;-
SAM;200203;-0.2;3.9;49;176;827.9;10.9;-20.9;-1.3;62;52.4;70.7;18;165.6;62;2.1;7.58;-20.7;-
SAM;200204;1.5;4.7;65;213;824.8;13.8;-9.3;2.1;9;16.4;68.0;1;138.9;47;2.7;8.43;-12.3;-
SAM;200205;6.6;6.8;65;226;827.6;18.7;-5.6;6.6;5;176.8;72.6;0;152.4;44;2.5;22.30;-9.4;-
SAM;200206;14.0;9.5;56;268;832.2;25.8;-3.4;11.8;0;64.9;70.9;0;212.3;59;2.6;89.56;-8.0;-
SAM;200207;15.0;9.9;67;221;830.6;22.6;-0.3;11.7;0;103.7;74.6;0;163.5;46;2.5;90.60;-3.9;-
SAM;200208;14.8;9.8;67;200;830.2;21.6;-0.8;11.1;0;98.5;76.7;0;159.2;50;2.3;78.47;-4.4;-
SAM;200209;11.4;7.6;67;155;829.8;17.3;-9.2;6.8;2;22.1;75.9;0;122.6;45;2.2;46.02;-14.4;-
SAM;200210;5.9;5.7;56;113;827.6;17.9;-12.0;3.7;4;67.5;71.8;0;132.0;54;2.3;30.62;-16.9;-
SAM;200211;1.8;5.3;78;53;823.2;13.4;-16.7;-0.2;72;329.7;85.7;6;49.0;24;1.6;5.41;-19.8;-
SAM;200212;0.6;3.7;62;56;825.7;6.8;-22.2;-5.7;63;25.1;87.3;30;71.5;36;1.2;3.50;-27.0;-
SAM;200301;0.2;2.5;50;77;823.1;4.5;-29.0;-10.1;28;11.9;79.0;40;123.9;60;1.4;4.65;-29.5;-
SAM;200302;0.0;1.9;26;134;826.1;5.0;-29.2;-11.9;27;9.9;73.1;51;168.5;81;1.4;6.31;-30.4;-
SAM;200303;0.0;3.5;32;192;831.5;11.2;-17.1;-1.5;9;1.7;65.7;27;216.2;81;1.7;9.69;-19.9;-
SAM;200304;3.4;4.6;55;225;826.3;16.6;-17.2;1.8;8;31.0;65.7;0;184.1;63;3.0;10.93;-20.2;-
SAM;200305;10.8;7.4;62;240;831.7;20.1;-6.8;8.1;0;79.8;69.8;0;177.5;52;2.5;21.74;-10.6;-
SAM;200306;16.6;10.5;57;289;833.4;25.3;2.2;14.3;0;28.3;67.7;0;243.9;68;2.6;104.90;-1.8;-
SAM;200307;16.4;9.7;57;262;832.5;26.6;0.0;13.3;0;64.3;66.8;0;225.9;64;2.7;142.11;-5.6;-
SAM;200308;16.3;10.2;49;233;834.7;27.7;-0.5;14.4;0;80.1;66.8;0;221.6;70;2.2;135.73;-4.1;-
SAM;200309;11.0;7.2;50;175;833.5;22.0;-4.7;7.7;0;12.0;71.1;0;173.4;64;2.5;68.74;-10.9;-
SAM;200310;5.4;5.3;59;115;824.7;17.0;-18.2;1.2;26;126.7;77.8;2;139.4;57;2.1;24.44;-22.3;-
SAM;200311;0.8;4.7;54;77;829.0;13.4;-13.8;-1.1;34;54.5;82.2;5;105.6;52;1.4;9.41;-15.5;-
SAM;200312;0.3;3.3;51;59;827.9;7.9;-25.6;-6.4;54;26.9;80.5;16;106.0;54;1.7;6.20;-33.2;-
SAM;200401;-0.1;2.8;62;71;820.2;5.1;-27.7;-8.2;78;30.9;78.8;43;88.5;43;1.8;3.91;-32.4;-
SAM;200402;-0.1;2.8;53;112;826.8;9.2;-24.9;-7.0;25;14.7;74.5;45;122.7;57;1.7;4.80;-31.2;19.0
SAM;200403;0.0;3.5;57;174;828.1;13.9;-21.1;-3.6;40;15.7;73.7;40;143.8;54;2.2;6.14;-28.2;16.8
SAM;200404;2.4;4.9;67;211;824.0;15.4;-10.8;2.1;19;24.6;70.1;3;144.5;49;2.6;8.38;-12.7;26.4
SAM;200405;9.5;5.6;57;264;826.2;18.4;-5.5;5.3;10;52.4;65.9;0;193.0;56;2.4;32.21;-12.0;11.5
SAM;200406;13.3;7.8;59;266;831.6;23.9;-1.6;10.3;0;50.1;65.5;0;198.3;55;2.5;101.64;-6.4;19.1
SAM;200407;14.8;9.3;59;247;832.2;24.5;-1.6;11.7;0;111.2;70.0;0;192.3;54;2.5;116.07;-5.7;19.5
SAM;200408;15.1;10.2;66;199;830.9;23.7;-0.6;11.9;0;101.7;74.8;0;158.3;50;2.7;83.12;-4.1;24.3
SAM;200409;12.6;8.6;57;169;833.6;22.0;-6.4;9.1;0;37.0;74.5;0;157.9;58;2.4;57.38;-10.3;19.5
SAM;200410;8.7;7.7;68;105;827.8;17.2;-9.4;5.9;5;101.9;81.8;0;107.6;44;2.5;18.14;-14.8;39.4
SAM;200411;2.3;4.1;53;71;828.4;15.2;-14.9;-2.1;28;39.2;74.3;2;103.7;51;1.8;11.48;-21.2;16.6
SAM;200412;-0.2;2.9;40;63;828.0;6.0;-29.6;-8.5;41;13.8;83.6;20;125.9;64;1.2;5.64;-32.3;29.5
SAM;200501;-1.1;2.2;36;78;829.1;5.4;-28.4;-10.6;29;20.5;75.5;30;139.9;68;1.4;5.83;-29.2;17.6
SAM;200502;-2.0;2.1;45;121;821.9;5.7;-27.0;-11.1;15;3.8;73.5;33;126.1;61;1.7;4.91;-27.9;34.9
SAM;200503;-1.2;3.8;48;175;825.5;13.5;-29.9;-3.3;6;12.9;70.8;15;169.1;63;1.9;7.18;-27.0;17.6
SAM;200504;2.7;4.9;66;202;825.4;18.1;-9.1;2.6;12;24.6;68.1;1;137.8;47;2.8;8.69;-13.7;15.0
SAM;200505;9.8;6.8;59;254;829.6;22.9;-6.2;7.7;0;74.5;66.2;0;205.2;60;2.7;31.24;-10.8;20.7
SAM;200506;12.5;8.5;56;278;832.7;26.4;-6.4;11.6;0;39.4;63.9;0;224.1;63;2.7;111.42;-11.5;19.6
SAM;200507;14.7;9.6;64;235;831.4;25.1;-2.0;12.2;0;79.9;69.3;0;173.8;49;2.8;107.91;-6.5;21.7
SAM;200508;13.1;9.1;70;186;831.0;22.3;-4.2;10.2;0;106.7;74.1;0;140.4;44;2.5;78.39;-9.2;24.0
SAM;200509;12.5;8.7;69;163;832.1;23.7;-2.1;9.2;0;35.3;76.1;0;152.7;57;2.3;54.85;-6.8;14.8
SAM;200510;6.8;6.2;48;119;833.0;18.5;-7.8;4.2;2;49.7;77.1;0;150.0;62;2.0;25.71;-13.1;15.6
SAM;200511;1.8;4.0;51;76;826.9;14.5;-22.7;-3.5;9;16.1;79.2;1;128.5;64;1.8;11.26;-27.2;29.3
SAM;200512;-0.3;2.5;53;59;824.1;1.3;-30.9;-11.3;76;43.2;89.8;42;104.8;54;1.1;3.34;-36.4;39.6
SAM;200601;-0.6;2.2;37;79;829.4;3.9;-27.7;-12.3;16;5.2;85.9;46;144.0;71;1.4;3.42;-32.3;27.7
SAM;200602;-0.7;2.7;54;112;821.3;3.0;-25.3;-8.2;28;19.1;78.4;29;110.3;53;1.7;3.89;-30.2;22.9
SAM;200603;-0.3;3.4;58;178;820.5;12.8;-27.8;-4.8;36;31.0;73.9;42;157.6;59;2.3;6.18;-23.9;25.3
SAM;200604;1.8;4.9;66;214;825.3;15.1;-14.9;2.5;13;35.3;68.8;4;151.2;52;2.4;8.93;-15.7;15.3
SAM;200605;9.9;6.9;71;232;829.5;18.3;-5.1;7.5;2;57.1;67.5;0;156.4;45;3.2;21.28;-9.4;20.7
SAM;200606;13.8;8.5;56;296;833.9;24.4;-4.9;11.4;0;47.9;63.3;0;246.0;69;2.9;115.05;-9.9;17.0
SAM;200607;17.6;11.2;56;269;835.6;26.6;3.5;14.9;0;89.1;69.8;0;238.1;67;2.3;133.79;-2.1;20.4
SAM;200608;13.3;8.3;72;180;827.6;19.3;-1.9;9.1;0;80.2;73.3;0;123.4;39;2.3;71.31;-6.8;18.8
SAM;200609;12.3;9.2;54;174;832.0;23.9;-4.0;10.4;0;50.5;75.1;0;180.2;67;2.4;64.65;-8.5;17.0
SAM;200610;7.6;6.9;50;115;830.7;18.8;-5.8;5.9;0;43.2;75.1;0;150.5;62;2.4;27.74;-10.3;12.1
SAM;200611;1.9;4.5;52;79;831.4;14.7;-14.3;0.1;12;13.6;72.7;1;123.0;60;1.8;13.94;-18.7;11.4
SAM;200612;-0.4;3.5;37;64;834.3;8.6;-20.6;-6.3;19;46.0;86.0;3;140.4;71;1.3;5.46;-23.1;23.3
SAM;200701;-1.2;3.6;53;71;829.7;9.5;-25.6;-4.5;66;54.4;80.5;23;111.5;54;1.4;4.05;-22.7;25.5
SAM;200702;-1.4;3.5;52;109;823.7;7.1;-18.5;-3.9;43;21.9;76.4;26;116.7;56;1.5;4.32;-21.7;22.3
SAM;200703;-0.1;3.8;60;170;824.8;11.2;-16.9;-1.3;28;20.9;69.5;12;146.7;55;2.0;6.75;-19.7;12.7
SAM;200704;4.7;5.5;37;246;830.9;19.1;-6.5;5.8;2;3.0;64.1;1;232.0;79;2.3;13.01;-10.0;12.1
SAM;200705;10.6;7.2;69;221;826.4;22.2;-4.3;8.0;2;64.8;68.8;0;152.5;44;2.6;23.08;-;14.3
SAM;200706;13.9;10.0;73;241;828.6;23.6;-0.8;11.4;0;125.1;74.9;0;164.9;46;2.7;65.79;-1.3;30.5
SAM;200707;14.1;8.9;49;265;830.4;24.2;-3.1;11.7;0;115.8;66.9;0;225.3;65;3.4;139.10;-6.3;17.6
SAM;200708;13.3;9.5;69;192;829.9;23.9;-2.2;10.8;0;117.7;76.0;0;147.5;47;2.7;77.86;-4.1;20.5
SAM;200709;9.2;6.7;50;185;831.0;18.4;-5.5;6.1;8;49.7;73.1;0;180.4;66;2.7;70.63;-8.6;21.0
SAM;200710;5.0;5.5;49;133;831.6;19.6;-10.7;2.7;2;16.1;73.3;0;181.8;74;2.4;34.93;-13.5;18.0
SAM;200711;0.6;3.5;52;78;826.8;14.5;-24.7;-4.2;43;64.0;73.4;14;119.2;58;2.1;13.68;-18.3;11.6
SAM;200712;-2.1;2.4;40;67;830.0;4.0;-24.0;-9.4;47;8.4;73.4;29;137.7;69;1.3;9.06;-27.8;35.3
SAM;200801;-2.3;3.2;61;69;829.9;8.3;-23.5;-6.1;61;30.0;77.7;44;107.7;52;1.7;4.57;-28.0;5.8
SAM;200802;-1.9;2.7;32;131;833.6;10.3;-21.6;-6.2;16;4.2;64.6;42;176.4;81;1.7;8.42;-26.3;17.2
SAM;200803;-0.8;3.4;67;172;817.8;10.2;-19.5;-2.4;20;18.5;64.2;15;143.3;53;2.9;7.90;-20.9;8.9
SAM;200804;1.3;4.8;75;195;821.6;11.6;-15.1;0.8;41;88.1;74.0;5;104.1;36;2.6;6.08;-22.3;23.6
SAM;200805;8.9;6.9;68;242;827.7;20.6;-5.5;7.4;2;87.0;69.2;0;163.1;49;2.7;20.10;-8.5;17.3
SAM;200806;13.0;9.5;70;249;830.2;23.9;-2.1;11.2;0;79.9;72.7;0;169.4;49;2.7;75.29;-4.0;27.2
SAM;200807;13.8;9.6;61;245;830.8;22.8;-0.8;11.4;0;193.4;72.9;0;189.9;55;2.7;106.74;-2.4;25.6
SAM;200808;14.3;10.1;57;237;830.5;22.6;-0.6;11.9;0;90.7;74.1;0;213.7;69;3.0;98.81;-2.5;23.8
SAM;200809;10.5;7.6;64;162;829.4;22.2;-6.8;7.0;0;98.4;75.2;0;149.2;55;2.6;54.33;-9.5;12.4
SAM;200810;6.2;6.3;57;117;829.9;17.8;-11.0;4.1;28;104.4;78.0;1;141.4;58;2.4;25.72;-14.1;18.1
SAM;200811;1.3;4.2;61;72;825.2;10.2;-21.2;-3.4;107;108.4;81.5;9;92.4;45;1.6;8.18;-25.0;32.6
SAM;200812;-0.2;3.0;61;54;825.0;5.5;-26.3;-7.5;93;39.0;78.3;85;72.8;36;1.8;5.64;-30.2;25.9
SAM;200901;-0.5;2.0;46;75;821.6;0.0;-26.6;-11.5;75;32.8;72.4;77;120.9;58;1.4;6.20;-31.9;31.7
SAM;200902;-0.4;2.7;65;107;820.6;7.8;-30.6;-7.7;86;56.5;71.7;102;87.5;42;1.8;4.42;-22.0;11.9
SAM;200903;-0.2;3.4;68;170;822.5;7.8;-23.0;-3.2;47;25.1;68.0;81;124.1;46;2.5;6.59;-25.3;15.8
SAM;200904;1.7;5.2;67;220;825.7;11.3;-9.1;2.5;16;60.8;72.2;36;156.3;53;2.1;7.78;-13.8;23.6
SAM;200905;10.1;7.0;59;268;832.0;23.1;-5.4;8.3;0;27.2;65.4;0;200.8;60;2.8;29.32;-8.4;9.8
SAM;200906;12.2;8.3;68;247;829.0;22.8;-3.1;10.1;0;83.4;68.2;0;155.5;45;3.0;74.45;-5.3;21.0
SAM;200907;14.2;10.0;58;256;831.6;24.3;-0.9;12.1;1;99.2;72.0;0;194.1;56;2.9;106.87;-3.2;27.4
SAM;200908;15.3;10.6;55;240;833.4;24.4;-2.6;13.2;0;48.6;72.7;0;213.8;69;2.7;105.77;-6.0;21.5
SAM;200909;11.7;8.5;55;181;832.4;21.7;-3.7;9.4;0;23.1;73.8;0;175.0;64;2.5;65.26;-7.4;16.3
SAM;200910;5.7;5.5;56;124;828.5;20.2;-13.2;2.9;6;35.0;71.7;0;149.4;61;2.3;32.13;-15.1;15.4
SAM;200911;1.3;4.6;58;76;824.2;14.1;-15.4;-0.4;42;82.9;77.2;1;109.0;53;2.0;11.15;-19.9;20.2
SAM;200912;-0.3;2.9;60;58;817.4;5.3;-31.6;-9.0;65;83.4;79.3;33;75.4;38;1.2;5.55;-36.3;23.4
SAM;201001;-1.4;1.9;57;75;819.2;1.8;-26.8;-11.6;24;10.5;69.6;56;101.6;49;1.3;5.79;-29.0;21.0
SAM;201002;-1.8;2.6;59;113;814.7;3.6;-29.4;-8.1;35;11.9;68.1;51;110.4;53;2.2;5.66;-33.1;12.9
SAM;201003;-0.9;3.4;63;162;824.7;8.8;-27.8;-4.4;27;20.4;67.8;41;110.4;41;2.4;5.86;-22.6;15.8
SAM;201004;2.2;4.6;60;239;827.7;15.5;-21.7;1.5;23;11.8;67.1;18;183.3;63;2.2;10.59;-26.2;15.6
SAM;201005;8.2;6.5;78;220;824.4;19.6;-3.3;5.8;4;115.3;71.9;0;122.5;37;3.1;20.57;-5.6;23.5
SAM;201006;13.1;8.8;62;246;828.3;22.3;-1.1;10.5;2;40.8;70.6;0;169.8;49;2.8;77.99;-2.8;21.6
SAM;201007;16.3;10.2;54;271;832.5;27.4;-0.8;13.6;0;43.1;67.9;0;231.6;67;2.9;134.93;-4.1;18.7
SAM;201008;13.5;10.0;67;202;830.0;23.8;-2.1;11.2;0;150.3;75.6;0;154.6;50;3.0;77.88;-4.9;26.1
SAM;201009;9.8;7.5;66;163;828.3;19.8;-5.6;7.2;2;61.8;75.4;0;141.8;52;2.4;54.80;-7.7;21.1
SAM;201010;5.4;5.9;57;117;826.2;16.0;-14.7;2.6;16;39.3;77.6;1;138.7;57;2.5;24.08;-15.2;23.5
SAM;201011;1.8;4.5;74;69;818.6;15.4;-25.4;-2.5;77;93.3;81.4;15;70.0;34;1.3;7.45;-32.3;19.9
SAM;201012;-0.1;2.8;64;55;819.0;5.4;-25.5;-8.0;30;32.8;70.5;33;69.9;35;2.0;7.05;-29.8;20.3
SAM;201101;-2.0;2.7;42;77;826.2;8.4;-25.4;-8.5;19;10.4;70.3;30;130.0;63;1.4;6.86;-28.9;28.0
SAM;201102;-2.5;2.8;48;114;825.8;8.8;-21.2;-5.7;23;7.5;67.0;28;117.8;56;1.2;6.14;-25.6;11.1
SAM;201103;-0.9;3.7;45;178;828.9;10.7;-17.5;-1.9;7;16.4;68.9;20;177.1;66;1.8;8.20;-21.0;15.4
SAM;201104;3.1;4.9;40;239;828.9;19.1;-8.7;4.2;1;5.6;62.1;1;220.9;75;2.3;13.16;-10.4;18.7
SAM;201105;9.2;6.9;50;261;831.0;19.6;-9.3;7.8;0;64.9;66.7;0;210.9;63;2.6;27.74;-13.4;10.3
SAM;201106;13.1;9.3;72;221;830.4;25.2;-1.0;10.6;0;82.8;74.5;0;136.7;39;2.6;64.84;-3.0;17.5
SAM;201107;12.4;9.0;70;230;827.6;22.4;-2.3;10.5;0;84.2;72.3;0;157.9;46;2.6;92.82;-4.3;17.2
SAM;201108;12.8;10.2;52;237;831.8;26.0;-2.0;12.4;0;58.7;72.6;0;218.6;70;2.8;108.12;-4.0;20.9
SAM;201109;11.6;9.0;44;186;832.7;21.5;-2.2;9.4;19;132.6;77.5;1;200.8;74;2.1;61.27;-6.5;20.7
SAM;201110;5.4;5.5;33;136;832.0;20.6;-11.8;2.4;23;50.6;77.8;1;183.8;75;1.8;30.57;-15.2;17.1
SAM;201111;1.6;4.2;29;85;832.0;12.6;-11.6;-1.0;0;14.1;74.3;0;152.5;74;1.4;14.88;-14.7;16.9
SAM;201112;-0.4;3.4;64;51;826.2;6.5;-23.3;-5.8;106;46.6;82.0;22;81.1;40;1.8;5.04;-26.2;26.9
SAM;201201;-0.4;2.8;53;68;827.8;5.3;-26.1;-7.9;90;53.4;79.5;96;104.1;50;1.7;3.91;-30.7;24.5
SAM;201202;-0.6;2.2;50;119;826.5;11.3;-35.1;-10.8;12;1.2;73.0;79;136.1;63;2.4;5.26;-39.0;16.9
SAM;201203;-0.2;3.9;35;191;833.7;12.1;-17.8;-0.9;33;23.4;70.4;26;207.3;77;1.9;8.66;-19.6;13.4
SAM;201204;1.2;5.0;70;205;818.5;19.0;-16.4;1.4;68;79.7;74.2;11;124.7;43;2.6;6.89;-17.8;20.0
SAM;201205;8.6;6.5;61;257;828.2;20.8;-8.1;6.9;4;36.5;67.8;0;187.2;56;2.7;26.31;-10.3;18.1
SAM;201206;11.2;9.9;62;264;829.8;24.1;-2.4;11.2;4;117.0;75.9;0;193.6;56;2.8;71.05;-3.8;25.0
SAM;201207;14.3;10.2;67;249;830.9;24.6;-2.5;12.3;0;64.8;74.4;0;192.8;56;2.8;99.62;-3.7;25.1
SAM;201208;15.2;10.6;51;235;833.1;27.8;-1.3;12.8;0;97.5;74.5;0;218.6;70;2.6;103.89;-2.8;18.4
SAM;201209;11.2;8.4;59;164;830.1;20.6;-3.9;8.2;0;51.6;78.4;0;156.8;58;2.5;52.70;-7.4;17.7
SAM;201210;6.9;6.5;51;117;826.3;19.8;-16.8;3.4;24;44.5;82.1;2;143.1;59;2.1;20.36;-21.7;17.4
SAM;201211;1.3;4.7;58;77;825.1;9.7;-13.4;-0.7;14;96.2;80.2;1;116.0;56;1.7;10.68;-17.9;19.2
SAM;201212;0.0;3.1;64;58;823.3;10.1;-25.9;-7.7;66;33.6;83.1;23;82.9;41;1.4;4.50;-31.1;29.7
SAM;201301;-0.4;2.8;57;73;821.7;8.3;-26.4;-7.1;28;13.2;74.5;34;106.0;51;1.7;5.13;-31.5;13.6
SAM;201302;-0.6;2.2;59;115;818.9;4.8;-27.2;-9.8;33;8.0;72.1;47;109.3;52;1.7;4.75;-35.5;23.3
SAM;201303;-0.6;3.5;61;162;816.5;6.3;-21.9;-3.7;34;17.6;72.7;32;117.8;44;2.2;5.70;-24.6;17.2
SAM;201304;0.7;5.3;62;211;825.3;17.9;-17.5;2.4;33;44.6;73.2;12;153.7;53;2.4;8.06;-20.5;11.4
SAM;201305;8.2;6.4;79;194;823.3;15.1;-4.5;5.0;4;112.6;73.7;0;92.0;28;2.8;12.99;-6.8;30.7
SAM;201306;12.2;8.4;62;276;830.7;23.9;-4.7;9.4;0;55.0;71.9;0;200.0;57;2.6;78.56;-7.1;26.5
SAM;201307;15.1;10.2;50;275;834.2;25.4;-1.4;12.9;0;42.7;72.1;0;232.3;67;2.2;124.54;-3.0;17.4
SAM;201308;14.8;9.7;50;233;832.7;27.7;-1.8;11.8;0;81.3;73.6;0;206.7;66;2.7;105.02;-3.3;18.5
SAM;201309;11.3;8.0;55;170;829.9;21.7;-6.7;8.2;0;44.2;74.5;0;164.3;60;2.2;63.71;-8.7;13.1
SAM;201310;6.8;7.5;74;103;830.5;16.1;-8.4;4.9;70;142.5;85.6;6;102.3;42;2.0;14.99;-10.4;22.6
SAM;201311;2.0;4.4;59;72;824.1;8.9;-21.0;-2.8;42;50.2;83.7;4;95.3;46;2.1;7.41;-23.4;26.9
SAM;201312;-1.2;3.1;36;65;832.0;4.3;-20.9;-6.4;54;28.3;78.3;11;138.0;69;1.6;8.30;-26.5;20.7
SAM;201401;-0.5;3.5;71;61;821.4;1.9;-23.9;-6.2;144;99.4;86.5;83;75.3;36;1.3;2.43;-23.3;38.7
SAM;201402;-0.3;3.8;69;103;821.2;2.3;-23.1;-4.8;131;83.9;84.7;116;90.0;43;2.0;2.57;-24.7;36.5
SAM;201403;-0.2;3.6;44;180;826.4;11.6;-19.1;-2.4;50;33.1;70.9;76;172.8;64;1.9;7.56;-22.4;16.9
SAM;201404;1.6;5.1;64;217;825.1;14.2;-10.2;2.9;6;21.7;69.2;14;157.0;54;2.5;9.00;-12.1;11.9
SAM;201405;9.1;6.2;66;246;827.4;17.8;-5.6;6.0;4;45.8;68.1;0;172.8;52;3.2;23.31;-8.4;18.6
SAM;201406;13.6;8.7;64;270;830.6;24.4;-2.3;10.2;0;122.0;72.7;0;199.6;57;2.4;74.92;-4.6;19.3
SAM;201407;14.0;10.2;72;213;829.4;24.2;-0.6;11.2;0;103.4;78.8;0;140.5;41;2.2;72.30;-2.4;20.1
SAM;201408;12.8;9.8;74;181;829.3;19.9;-2.1;10.0;0;134.9;80.5;0;130.9;42;2.6;58.44;-4.3;31.4
SAM;201409;11.1;8.7;66;163;831.2;19.0;-5.0;8.3;0;36.8;80.2;0;143.9;53;2.2;43.40;-7.5;18.9
SAM;201410;7.3;7.3;59;110;831.0;17.1;-8.6;5.1;18;82.9;81.8;2;123.9;51;2.0;18.46;-12.2;22.9
SAM;201411;2.3;5.9;71;64;825.2;13.4;-11.2;1.2;25;171.6;88.0;2;78.0;38;1.5;5.64;-15.6;33.3
SAM;201412;0.5;4.0;63;52;827.3;5.6;-20.8;-3.0;14;21.3;78.1;2;67.2;33;2.0;5.54;-26.1;27.2
SAM;201501;-0.8;3.0;56;72;825.6;10.2;-24.1;-6.1;67;56.6;76.0;18;112.5;54;1.7;5.39;-28.0;5.3
SAM;201502;-1.5;2.6;49;114;822.9;5.1;-22.7;-7.9;24;6.6;77.0;31;116.5;56;1.9;4.15;-26.8;16.7
SAM;201503;-0.5;3.9;56;166;827.8;11.7;-17.1;-1.3;23;17.4;69.2;15;146.7;54;2.5;7.10;-20.2;9.8
SAM;201504;1.1;4.4;47;233;829.7;14.7;-11.4;2.5;3;10.2;61.8;2;190.4;65;2.8;12.51;-13.4;13.6
SAM;201505;8.8;7.1;69;241;828.7;20.0;-5.1;7.3;21;150.3;71.9;1;170.7;51;3.1;23.44;-8.8;14.1
SAM;201506;12.9;9.2;62;265;832.6;23.4;-0.8;11.1;0;56.0;72.0;0;196.5;56;2.7;80.82;-2.0;19.7
SAM;201507;17.0;11.2;53;289;832.8;28.0;-0.9;15.4;0;59.7;67.7;0;253.8;74;3.3;144.58;-3.3;14.6
SAM;201508;15.2;11.3;57;215;832.4;26.8;-0.3;13.1;0;66.9;77.1;0;180.5;58;2.7;83.53;-2.2;19.2
SAM;201509;10.6;7.9;67;162;829.8;19.4;-4.9;7.1;0;136.1;78.7;0;143.1;53;2.6;46.48;-7.6;16.8
SAM;201510;6.6;6.2;60;121;828.7;15.7;-8.6;3.6;10;63.0;79.3;0;139.9;57;2.0;22.77;-11.0;22.5
SAM;201511;2.4;4.0;41;85;831.5;17.7;-16.1;-0.3;1;1.5;67.8;0;150.2;73;1.8;17.66;-18.9;12.5
SAM;201512;-1.3;3.3;32;66;838.2;9.7;-15.2;-4.0;4;1.4;73.3;0;156.0;78;1.2;10.51;-18.8;17.8
SAM;201601;-2.3;3.1;60;70;824.0;6.3;-27.6;-7.1;41;33.9;78.7;14;100.4;48;1.6;4.05;-34.5;22.6
SAM;201602;-0.6;3.8;72;100;822.1;11.7;-24.7;-3.2;88;39.4;76.3;26;82.4;38;2.7;3.55;-21.5;24.7
SAM;201603;-0.6;3.3;53;183;822.2;8.0;-20.7;-3.9;45;26.2;69.7;32;160.8;60;2.4;6.97;-20.1;19.5
SAM;201604;2.1;5.4;67;213;823.8;14.2;-10.2;2.9;13;68.9;71.3;2;140.8;48;3.0;8.24;-12.4;16.7
SAM;201605;7.7;6.6;68;230;826.1;18.6;-7.8;5.7;4;111.7;72.0;0;153.8;46;2.8;20.96;-10.1;26.0
SAM;201606;12.7;9.5;69;245;829.0;25.3;-1.7;10.2;0;135.4;77.1;0;153.9;44;2.4;60.02;-3.8;23.9
SAM;201607;15.7;10.4;61;252;833.2;24.7;-1.3;12.5;1;110.9;74.0;0;204.6;59;2.6;108.37;-3.2;18.2
SAM;201608;14.8;10.3;53;229;834.4;26.4;0.2;11.9;0;101.7;75.6;0;201.6;65;2.5;93.14;-1.7;21.0
SAM;201609;12.6;9.1;58;180;833.1;21.6;-1.4;9.4;0;35.6;78.3;0;182.0;67;2.2;54.78;-4.1;24.6
SAM;201610;6.3;5.7;57;113;830.4;16.1;-9.7;2.5;1;38.4;78.1;0;131.8;54;2.2;24.56;-12.4;14.1
SAM;201611;1.9;4.6;62;71;826.2;15.4;-19.9;-1.7;18;47.4;81.8;5;89.7;44;1.7;8.48;-17.9;26.0
SAM;201612;-1.0;2.8;22;71;836.7;9.7;-16.9;-5.5;2;0.2;69.3;0;171.0;85;1.3;12.59;-19.8;19.2
SAM;201701;-3.1;2.0;38;79;827.2;5.0;-26.2;-11.1;42;11.0;71.7;12;140.5;68;2.0;6.74;-29.2;23.0
SAM;201702;-1.4;3.5;55;108;827.0;9.3;-20.4;-3.9;39;20.0;75.3;18;107.9;52;2.2;4.52;-25.1;13.1
SAM;201703;-0.3;4.3;50;176;827.9;14.5;-15.0;0.7;12;22.0;68.4;14;164.2;61;2.4;7.88;-21.2;15.4
SAM;201704;2.7;4.3;50;225;827.8;16.6;-15.9;1.9;15;42.1;63.6;1;183.9;63;2.9;11.74;-19.9;10.0
SAM;201705;8.8;7.0;59;264;829.6;22.5;-7.9;7.5;12;50.0;69.3;0;196.9;59;2.7;30.27;-11.5;14.1
SAM;201706;13.9;9.9;59;273;831.1;24.9;-3.4;12.2;0;172.9;72.2;0;217.8;62;2.7;85.90;-5.9;19.7
SAM;201707;14.3;10.3;64;260;831.8;25.5;-0.7;12.7;0;62.2;72.2;0;200.7;58;3.0;106.39;-3.0;22.8
SAM;201708;14.7;10.8;57;219;833.7;25.5;-1.9;12.7;0;117.0;75.3;0;188.1;60;2.7;88.60;-4.1;17.1
SAM;201709;10.2;7.3;72;154;828.9;18.2;-6.3;6.1;0;100.6;79.1;0;130.7;48;2.4;42.92;-9.8;26.5
SAM;201710;6.4;5.3;40;131;833.1;19.7;-10.9;4.0;2;10.0;68.2;0;180.4;74;2.4;38.64;-12.9;16.0
SAM;201711;1.5;3.8;59;77;825.9;11.9;-16.4;-3.4;46;36.8;77.8;10;101.2;49;2.1;9.59;-21.7;26.4
SAM;201712;-0.3;3.0;56;59;825.0;2.8;-22.8;-7.7;76;65.3;81.2;24;101.6;51;1.9;5.93;-26.1;28.0
SAM;201801;-0.1;3.6;61;68;825.8;5.5;-21.8;-5.1;117;52.6;82.2;71;101.2;49;2.2;3.46;-25.0;30.5
SAM;201802;-0.2;2.4;55;122;819.4;7.0;-29.1;-9.9;20;5.3;73.5;63;126.0;60;2.2;5.15;-33.8;26.8
SAM;201803;-0.2;3.8;69;159;815.0;5.7;-20.4;-3.1;25;25.1;75.1;47;105.1;39;2.3;4.97;-24.5;20.5
SAM;201804;1.6;5.5;52;230;827.6;17.0;-12.4;3.5;19;55.1;72.4;23;165.3;57;2.5;8.80;-15.8;17.0
SAM;201805;9.8;7.9;71;222;828.0;20.9;-2.1;8.4;0;47.9;73.9;0;136.2;41;2.5;17.30;-5.1;29.9
SAM;201806;14.1;9.1;58;281;830.1;24.7;-3.5;11.5;0;25.2;69.5;0;215.0;62;2.8;95.00;-5.2;23.2
SAM;201807;15.1;10.2;61;254;831.5;25.3;0.9;12.9;0;87.5;71.7;0;201.0;58;2.4;112.12;-0.9;16.4
SAM;201808;15.6;11.2;62;220;833.2;24.8;-2.1;12.8;0;80.3;77.4;0;188.2;60;2.4;83.09;-3.1;25.4
SAM;201809;12.8;8.9;50;192;834.3;22.8;-6.0;9.7;0;36.5;76.1;0;193.2;71;2.5;61.75;-9.7;18.0
SAM;201810;7.4;6.5;49;120;830.2;17.2;-8.4;4.9;51;180.1;76.8;5;157.3;64;2.7;27.91;-12.7;14.5
SAM;201811;1.7;5.1;63;69;827.7;10.1;-15.8;-0.8;21;23.0;84.6;6;77.5;38;1.4;6.37;-17.5;24.7
SAM;201812;-0.1;3.3;50;61;829.4;7.3;-25.4;-7.1;67;46.3;82.9;25;78.3;39;1.6;4.46;-31.1;38.4
SAM;201901;-0.1;2.3;51;77;821.6;2.8;-27.4;-10.0;60;31.0;73.6;45;116.0;56;2.0;5.43;-29.6;17.9
SAM;201902;-0.1;2.8;31;128;831.9;10.6;-24.8;-6.5;66;17.5;73.1;70;158.1;76;1.6;6.02;-7.6;18.7
SAM;201903;-0.1;3.4;40;187;828.7;11.9;-16.8;-2.3;23;21.9;67.1;30;177.1;66;2.5;8.44;-11.6;12.0
SAM;201904;0.5;5.0;75;198;824.4;11.5;-8.8;1.8;58;73.8;73.5;15;111.0;38;2.7;-;-12.2;19.8
SAM;201905;6.6;5.7;70;225;825.0;16.3;-9.6;4.4;1;49.7;68.3;0;119.7;36;3.1;19.19;-12.3;15.6
SAM;201906;13.2;9.7;40;301;832.5;28.5;-0.9;12.9;0;82.9;68.5;0;255.9;73;2.7;107.31;-3.8;18.0
SAM;201907;15.1;10.5;63;241;831.2;28.1;0.2;13.1;0;52.1;72.0;0;179.9;52;2.4;101.09;-2.9;19.2
SAM;201908;15.2;11.4;64;211;833.1;22.9;-0.4;12.7;0;130.7;78.7;0;172.0;55;2.6;74.81;-2.6;24.6
SAM;201909;11.7;8.4;49;179;832.4;22.6;-1.8;8.4;1;89.1;78.6;0;168.5;62;2.4;54.41;-4.0;24.5
SAM;201910;7.7;7.2;56;114;829.9;17.0;-6.3;5.5;0;87.7;80.4;0;129.1;53;2.3;23.04;-9.1;22.0
SAM;201911;2.4;4.9;76;65;818.4;7.2;-20.4;-1.7;134;134.1;86.8;25;60.8;30;1.7;4.91;-20.5;41.6
SAM;201912;0.7;3.6;55;59;825.8;6.1;-21.6;-5.2;50;44.8;81.2;34;96.9;48;1.7;5.65;-24.8;25.8
SAM;202001;0.0;2.6;34;81;833.5;8.7;-24.0;-8.0;10;5.5;75.0;23;154.7;74;1.4;6.45;-27.6;28.8
SAM;202002;-0.1;3.3;55;114;828.4;11.3;-20.6;-3.2;49;15.1;66.8;31;125.4;58;3.3;6.11;-24.0;22.1
SAM;202003;-0.2;3.8;51;179;825.4;10.3;-19.9;-2.1;58;26.3;72.4;25;163.5;61;2.5;6.80;-21.8;20.3
SAM;202004;4.5;5.0;38;243;828.4;16.9;-13.7;3.9;1;20.5;64.5;2;219.0;75;2.3;12.51;-15.2;12.7
SAM;202005;9.9;6.8;61;258;830.1;19.9;-5.5;7.6;0;44.5;67.6;0;194.5;58;3.0;29.58;-9.6;15.4
SAM;202006;12.0;9.0;69;238;827.8;22.3;-2.1;10.0;0;133.0;74.8;0;147.2;42;2.8;59.70;-5.1;20.3
SAM;202007;15.7;10.0;54;275;832.3;25.5;-0.1;12.8;0;38.6;70.9;0;220.2;64;2.8;122.12;-1.9;14.6
SAM;202008;14.9;10.8;62;210;830.8;25.9;-0.4;12.2;0;161.1;78.0;0;176.5;57;2.4;81.78;-3.0;19.6
SAM;202009;12.3;9.0;58;174;831.1;21.7;-7.8;8.7;17;60.4;79.9;1;161.8;59;2.3;50.63;-10.0;24.0
SAM;202010;5.1;5.7;59;111;826.5;13.6;-9.3;2.0;23;118.6;79.5;1;124.4;51;2.5;20.62;-12.4;17.8
SAM;202011;2.0;4.3;26;94;834.2;13.9;-13.5;-1.1;2;6.6;74.9;0;175.6;85;1.5;15.23;-17.5;20.9
SAM;202012;-0.9;3.4;68;50;819.9;3.6;-24.3;-6.6;152;103.4;85.3;67;67.8;34;1.6;3.64;-28.2;24.7
SAM;202101;-0.9;2.6;60;67;819.6;3.8;-29.6;-10.1;97;40.0;80.1;70;83.5;40;1.6;3.67;-32.8;17.0
SAM;202102;-0.2;3.4;39;125;828.2;10.1;-30.5;-5.1;47;29.1;76.9;90;141.0;67;2.0;4.94;-9.5;15.0
SAM;202103;-0.1;3.0;46;195;829.2;14.5;-20.6;-4.2;28;7.2;66.6;61;189.7;70;2.1;8.78;-14.5;14.5
SAM;202104;0.3;3.9;54;233;826.2;12.9;-16.5;-0.5;7;8.3;65.3;18;166.0;57;2.7;10.26;-17.7;14.1
SAM;202105;7.9;5.5;64;248;825.8;16.1;-6.4;4.8;2;74.1;65.6;0;156.9;47;3.2;26.69;-8.4;15.2
SAM;202106;14.1;9.4;58;285;832.4;24.5;-2.8;11.9;0;39.0;70.3;0;204.1;59;2.7;86.56;-5.4;17.9
SAM;202107;14.7;10.4;66;224;830.6;23.0;1.1;12.2;0;150.8;75.3;0;160.5;47;2.7;86.93;-1.1;19.7
SAM;202108;14.2;9.6;58;224;830.9;24.3;-1.5;11.0;0;110.2;75.0;0;185.3;59;2.8;89.85;-4.1;25.9
SAM;202109;11.9;8.8;52;187;833.2;19.9;-4.0;9.2;0;61.3;77.9;0;182.3;67;2.1;58.41;-6.9;15.4
SAM;202110;6.0;5.3;43;122;831.6;14.2;-9.2;2.7;0;22.7;72.1;0;152.4;62;2.4;30.38;-12.7;13.2
SAM;202111;0.4;4.3;56;77;825.5;9.1;-19.2;-3.5;57;77.0;85.9;13;103.2;50;1.4;6.80;-22.4;33.1
SAM;202112;-0.1;2.9;43;61;825.2;8.6;-22.1;-7.8;50;27.6;80.2;30;109.9;55;1.3;6.35;-27.2;32.2
SAM;202201;-0.4;2.4;36;81;831.6;5.9;-23.2;-8.0;31;11.2;69.0;29;147.3;71;1.9;7.16;-27.7;15.0
SAM;202202;-0.4;2.7;49;119;828.9;8.8;-25.3;-5.9;66;27.6;66.7;66;128.9;62;2.4;6.35;-27.7;14.6
SAM;202203;-0.4;3.2;33;187;830.9;11.2;-22.6;-3.2;1;2.3;64.9;39;205.5;76;2.0;9.93;-24.8;12.3
SAM;202204;2.9;4.5;56;233;823.6;16.0;-12.8;2.1;5;21.0;63.9;4;181.6;62;3.1;11.43;-15.3;13.5
SAM;202205;11.6;8.1;69;243;831.1;21.9;-1.9;9.4;0;51.7;71.2;0;166.6;50;2.8;21.47;-6.4;23.9
SAM;202206;15.0;10.1;56;262;832.3;25.3;-0.3;12.5;0;111.0;72.3;0;203.7;58;2.8;83.31;-2.6;20.5
SAM;202207;17.1;10.2;45;289;834.9;26.3;0.0;14.1;0;54.8;66.5;0;250.6;73;2.9;151.44;-1.9;19.8
SAM;202208;16.2;10.2;54;243;831.8;25.9;0.3;13.2;0;50.4;71.1;0;218.7;70;2.5;117.96;-2.2;13.7
SAM;202209;11.5;7.8;62;163;827.7;22.9;-6.8;7.7;0;81.3;74.0;0;141.5;52;2.7;56.35;-10.3;16.9
SAM;202210;8.7;7.3;47;119;835.2;19.1;-4.3;6.5;0;95.8;78.1;0;152.9;63;1.9;27.47;-7.8;15.9
SAM;202211;1.8;4.6;56;75;826.9;10.3;-16.4;-1.4;22;38.3;81.9;3;110.6;54;1.5;8.86;-19.6;25.8
SAM;202212;-0.1;3.6;57;57;824.8;5.9;-26.2;-5.7;30;25.1;83.3;18;90.2;45;1.5;4.95;-31.4;26.2
SAM;202301;-0.3;2.9;54;73;825.6;7.2;-22.9;-7.2;20;17.9;75.5;18;112.9;54;1.7;5.13;-24.7;9.8
SAM;202302;-0.6;2.9;35;127;832.8;10.4;-22.4;-4.5;3;1.0;66.3;16;160.6;77;2.4;7.12;-25.0;15.3
SAM;202303;-0.2;4.3;59;167;823.2;12.1;-13.3;-0.1;19;34.0;69.2;4;155.5;58;3.0;7.17;-15.4;13.6
SAM;202304;4.6;4.5;63;217;824.4;14.6;-11.5;1.7;18;49.0;65.7;1;147.3;50;2.7;9.58;-13.7;12.1
SAM;202305;10.8;7.4;74;220;828.7;19.5;-3.4;7.6;0;77.4;72.6;0;123.7;37;2.8;17.19;-6.5;26.7
SAM;202306;15.1;9.4;61;269;830.8;25.5;0.7;12.0;0;40.7;69.8;0;190.1;54;2.7;85.10;-2.1;22.0
SAM;202307;15.9;10.9;60;251;831.7;26.5;-1.9;13.3;0;118.3;73.7;0;185.3;54;3.2;97.09;-3.9;21.9
SAM;202308;15.3;10.5;63;211;831.4;27.7;-0.8;12.8;0;147.0;72.8;0;160.4;51;2.8;86.85;-3.3;26.6
SAM;202309;13.7;9.9;44;186;833.7;25.6;-2.5;10.8;0;84.3;78.2;0;191.6;70;2.3;60.12;-5.5;21.1
SAM;202310;8.9;7.1;59;118;828.4;21.1;-6.9;6.1;5;157.6;77.8;0;146.1;60;2.1;29.92;-11.1;14.0
SAM;202311;1.5;4.2;67;76;821.1;8.2;-19.0;-2.2;50;64.3;78.8;10;82.1;40;2.1;8.30;-23.2;25.9
SAM;202312;0.4;3.7;60;57;826.9;9.6;-22.8;-4.8;96;80.4;82.1;48;89.5;45;1.8;4.94;-23.1;15.9
SAM;202401;0.2;3.0;49;75;827.6;11.1;-27.0;-6.3;32;23.3;73.4;54;121.7;59;2.0;5.79;-31.8;19.9