stn;time;pva200m0;ets150m0;gre000m0;prestam0;tre200mx;tre200mn;tre200m0;hns000m0;rre150m0;ure200m0;hto000m0;su2000m0;sremaxmv;fkl010m0;nto000m0;tre005mn;ure200mn
NEU;200001;5.6;2.36;38;968.2;9.9;-10.4;1.0;6;15.3;82.2;2;55.6;22;2.3;73;-12.0;-
NEU;200002;6.5;6.92;68;966.9;15.6;-2.2;4.3;5;112.2;77.2;0;96.2;35;2.7;68;-4.2;-
NEU;200003;6.4;33.26;123;963.6;18.3;-1.4;6.8;1;32.8;65.2;0;162.8;47;2.8;60;-3.9;-
NEU;200004;8.4;51.35;164;952.1;23.5;0.8;10.1;0;58.8;68.9;0;159.4;42;2.2;71;-1.8;-
NEU;200005;11.7;78.00;213;959.9;26.5;6.7;15.6;0;78.9;66.9;0;204.9;48;2.3;59;5.2;-
NEU;200006;13.4;120.14;254;963.7;30.4;9.9;18.7;0;45.6;63.0;0;262.7;61;2.1;50;7.0;-
NEU;200007;13.2;87.12;205;958.7;29.5;7.9;17.1;0;110.2;68.6;0;191.4;44;2.6;67;6.1;-
NEU;200008;15.5;97.35;199;962.5;30.5;12.1;19.9;0;87.5;68.7;0;249.0;61;1.6;48;10.1;-
NEU;200009;13.3;54.29;158;959.9;26.6;8.5;16.0;0;66.3;73.8;0;208.9;59;1.9;50;6.2;-
NEU;200010;10.6;17.08;75;959.9;18.0;3.2;11.1;0;105.1;80.2;0;80.8;26;2.2;80;-0.1;-
NEU;200011;7.9;8.81;43;953.7;12.7;0.7;6.4;0;124.5;81.9;0;60.7;23;2.6;77;-1.8;-
NEU;200012;7.1;3.64;26;956.9;13.8;-2.6;4.6;1;68.6;83.1;0;38.5;16;2.0;84;-4.6;-
NEU;200101;6.1;2.46;33;957.1;9.3;-3.7;2.5;0;135.2;82.0;0;46.2;18;2.3;81;-6.1;-
NEU;200102;5.9;7.91;72;961.5;14.6;-4.9;4.0;3;45.9;70.7;0;96.5;36;2.8;68;-7.9;-
NEU;200103;8.4;12.40;77;951.5;18.5;-1.1;7.6;9;244.9;80.5;0;58.1;17;3.2;88;-3.3;-
NEU;200104;7.4;37.54;136;957.7;18.5;-0.4;7.8;0;111.3;70.4;0;105.0;28;2.7;78;-4.1;-
NEU;200105;12.0;90.28;215;959.2;29.2;6.0;16.2;0;53.4;66.6;0;219.9;51;2.7;61;4.0;-
NEU;200106;12.2;108.71;228;961.5;28.8;5.1;16.3;0;117.1;66.3;0;239.8;55;2.3;55;3.2;-
NEU;200107;14.9;109.93;227;959.9;30.8;10.1;19.7;0;93.6;66.1;0;242.4;55;2.5;55;8.0;-
NEU;200108;15.9;96.45;205;961.6;31.8;11.3;20.2;0;99.6;67.8;0;253.2;62;2.2;48;8.6;-
NEU;200109;11.0;31.17;119;959.7;22.6;5.4;12.6;0;83.7;75.3;0;107.2;30;2.5;77;3.7;-
NEU;200110;13.0;18.03;95;963.8;24.3;7.8;13.5;0;80.2;84.2;0;135.6;43;1.5;61;5.6;-
NEU;200111;6.5;10.83;46;965.3;11.7;-1.5;3.9;2;66.8;78.8;0;61.3;24;3.0;78;-3.2;-
NEU;200112;5.3;6.80;35;965.5;10.6;-11.1;1.0;7;31.1;75.7;0;72.8;30;4.3;72;-12.4;-
NEU;200201;5.7;2.85;38;969.7;13.6;-7.1;1.2;3;35.1;83.0;0;60.1;24;2.1;79;-9.9;-
NEU;200202;7.0;5.46;62;961.4;14.5;-3.6;5.8;2;80.0;74.9;0;73.9;28;3.7;80;-5.8;-
NEU;200203;6.9;38.21;132;961.6;17.7;-0.2;7.4;3;64.2;67.2;0;179.1;51;2.6;59;-4.2;-
NEU;200204;7.2;69.01;177;957.4;21.3;0.8;10.0;0;16.9;59.4;0;184.9;48;2.8;62;-2.2;-
NEU;200205;10.4;69.95;182;958.4;26.1;4.0;13.0;0;140.2;71.3;0;171.5;40;1.8;70;1.1;-
NEU;200206;14.5;123.44;253;960.6;33.0;9.5;19.8;0;81.1;63.7;0;266.9;62;2.1;57;7.7;-
NEU;200207;14.5;103.16;214;959.8;30.4;10.3;19.0;0;86.4;67.0;0;224.7;51;2.4;60;8.4;-
NEU;200208;15.3;69.02;183;959.8;27.6;10.3;18.3;0;125.4;73.7;0;195.7;48;2.0;66;8.5;-
NEU;200209;12.4;42.02;137;961.6;22.8;4.1;14.2;0;57.8;75.6;0;155.1;44;2.3;67;2.7;-
NEU;200210;10.1;22.63;85;959.2;21.1;3.1;10.8;0;154.7;77.8;0;117.4;37;2.6;72;0.7;-
NEU;200211;8.9;4.34;31;955.1;14.5;2.2;7.2;0;215.3;86.5;0;22.4;9;2.1;90;0.5;-
NEU;200212;7.5;1.80;16;959.5;11.4;-1.9;4.5;6;76.9;87.2;0;3.7;2;2.5;98;-2.3;-
NEU;200301;5.5;2.47;34;959.9;13.3;-8.8;0.9;21;73.5;80.4;1;43.5;17;3.2;82;-10.8;-
NEU;200302;4.5;7.25;72;962.8;11.1;-9.8;-0.4;15;26.7;74.5;2;81.6;30;2.3;69;-12.1;-
NEU;200303;6.3;54.72;158;965.4;19.9;-0.2;8.3;0;21.4;58.7;0;244.7;70;2.7;46;-2.6;-
NEU;200304;7.4;82.28;187;958.5;21.9;-2.1;10.4;0;41.4;58.9;0;221.9;58;2.9;59;-5.7;-
NEU;200305;11.6;70.59;197;962.0;27.0;3.9;14.9;0;39.3;68.3;0;184.4;43;2.3;78;0.7;-
NEU;200306;15.9;144.29;274;960.6;33.6;14.4;23.1;0;41.6;58.6;0;304.8;70;2.1;61;11.0;-
NEU;200307;14.1;142.49;232;961.1;34.7;12.4;21.3;0;91.4;57.9;0;262.8;60;2.3;55;10.0;-
NEU;200308;15.6;142.03;218;961.8;36.2;12.0;23.4;0;124.0;57.4;0;293.9;72;2.0;42;9.5;-
NEU;200309;11.8;68.95;171;964.4;24.8;7.2;15.5;0;47.3;67.8;0;225.6;64;2.3;50;5.6;-
NEU;200310;8.7;16.11;76;957.3;18.4;-3.3;7.6;0;125.1;80.9;0;85.7;27;2.5;75;-5.0;-
NEU;200311;7.9;7.05;45;961.1;13.7;-0.1;5.4;0;37.8;88.6;0;56.0;22;1.5;77;-1.2;-
NEU;200312;5.9;6.34;39;962.5;10.4;-6.2;2.2;2;28.8;80.2;0;80.6;34;2.4;67;-8.2;-
NEU;200401;5.8;2.17;35;956.4;12.0;-5.6;1.9;35;181.7;81.0;3;38.5;15;3.2;85;-7.1;-
NEU;200402;5.3;9.99;90;963.2;12.6;-5.8;3.0;2;33.1;69.5;0;140.1;50;2.8;66;-7.8;38.2
NEU;200403;6.0;30.87;125;963.6;18.3;-3.6;4.8;1;63.5;69.2;0;143.6;41;2.4;68;-5.7;25.1
NEU;200404;7.7;59.82;177;956.4;21.6;1.5;10.0;0;20.1;63.3;0;169.4;45;3.0;74;-0.5;29.3
NEU;200405;9.1;108.38;220;958.4;26.3;4.4;13.1;0;54.1;62.1;0;232.7;54;2.8;59;2.8;23.5
NEU;200406;12.6;102.65;216;962.6;29.1;9.7;17.4;0;74.9;65.3;0;209.5;48;2.4;67;7.4;24.2
NEU;200407;14.0;105.40;220;961.9;29.6;8.7;18.9;0;119.4;64.4;0;225.0;51;2.4;60;6.8;25.9
NEU;200408;15.7;71.18;189;959.3;31.6;11.5;19.0;0;227.0;71.9;0;193.3;48;2.3;72;9.9;27.8
NEU;200409;12.9;62.94;162;964.7;26.8;6.5;16.2;0;37.8;69.9;0;202.5;58;2.4;59;4.4;36.5
NEU;200410;11.9;16.15;76;957.1;22.9;5.2;12.2;0;173.3;83.8;0;90.8;29;2.0;82;3.4;44.7
NEU;200411;7.2;9.71;50;964.0;14.8;-2.8;5.3;1;26.0;78.6;0;66.9;26;2.3;77;-4.9;43.0
NEU;200412;5.9;2.85;24;962.9;9.5;-5.4;1.6;5;61.6;85.3;0;25.4;11;2.3;92;-7.2;49.4
NEU;200501;5.4;3.39;50;967.0;13.0;-9.3;0.8;19;53.0;80.3;2;84.4;33;2.6;67;-10.7;28.8
NEU;200502;4.6;7.31;83;960.3;8.9;-8.9;-0.3;28;38.7;74.2;3;96.6;36;2.7;73;-10.0;39.8
NEU;200503;6.9;31.92;139;960.0;20.1;-11.8;6.0;8;44.2;69.9;1;178.9;51;1.9;64;-13.4;30.0
NEU;200504;8.0;47.70;148;957.8;24.5;0.6;9.5;5;121.9;68.4;0;133.8;35;2.5;77;-0.8;15.2
NEU;200505;10.8;80.23;198;961.0;28.3;5.0;14.0;0;76.7;67.5;0;198.0;46;2.3;71;3.3;24.1
NEU;200506;13.6;132.65;263;962.3;32.3;7.3;19.3;0;49.5;60.4;0;281.0;65;2.5;55;4.4;27.9
NEU;200507;14.0;115.92;219;960.5;34.3;10.2;19.8;0;43.6;61.9;0;232.8;53;2.5;59;8.6;23.3
NEU;200508;13.5;87.67;187;961.4;27.9;9.1;17.9;0;57.7;66.9;0;210.0;52;2.3;65;7.5;25.8
NEU;200509;13.9;47.09;148;962.4;29.6;6.9;16.6;0;61.8;73.0;0;171.2;48;2.0;65;5.2;38.9
NEU;200510;11.5;14.36;85;963.4;18.6;6.6;11.4;0;62.6;85.7;0;107.1;33;1.3;67;4.7;47.0
NEU;200511;7.2;14.45;62;961.2;16.6;-4.5;5.0;8;36.8;77.6;1;107.9;41;2.5;67;-6.6;36.5
NEU;200512;5.1;4.83;31;961.1;7.4;-9.8;0.4;12;82.3;79.3;1;43.5;18;2.8;77;-11.6;50.1
NEU;200601;4.7;3.11;44;965.3;8.6;-7.0;-0.8;9;25.8;80.4;0;61.8;24;2.3;78;-8.5;39.7
NEU;200602;5.2;4.51;58;957.5;9.2;-6.7;0.9;6;57.9;78.6;0;49.0;18;2.9;88;-7.7;41.4
NEU;200603;6.4;21.59;109;955.2;19.9;-6.1;4.1;34;189.3;74.6;2;112.2;32;3.6;79;-10.1;34.6
NEU;200604;8.1;59.81;170;958.7;20.8;-0.4;9.4;1;145.2;69.0;0;180.3;47;2.2;67;-2.5;24.6
NEU;200605;10.9;62.05;177;961.2;24.5;3.9;13.6;0;159.0;70.6;0;159.9;37;2.5;82;1.9;24.9
NEU;200606;13.3;132.14;264;963.7;29.8;3.5;18.8;0;52.5;61.1;0;284.4;66;2.3;57;1.2;21.4
NEU;200607;16.9;146.46;252;963.2;34.1;14.9;23.4;0;74.6;61.1;0;301.9;69;2.1;49;12.6;20.4
NEU;200608;12.9;53.64;150;958.5;25.1;8.7;16.0;0;170.4;72.1;0;131.6;32;2.6;81;6.6;29.3
NEU;200609;15.7;40.72;143;960.4;27.3;9.6;17.7;0;153.1;78.3;0;164.3;47;1.6;74;7.5;41.5
NEU;200610;12.4;20.14;92;960.1;20.8;7.6;13.5;0;100.4;80.4;0;122.1;39;1.8;73;5.1;34.5
NEU;200611;8.4;14.37;58;964.0;14.4;-1.0;7.7;0;38.5;78.7;0;90.2;35;2.1;69;-3.5;24.0
NEU;200612;6.5;5.01;34;968.7;14.1;-2.3;3.5;0;70.0;80.9;0;56.3;23;2.5;79;-3.9;51.0
NEU;200701;7.0;3.15;41;965.7;14.1;-6.6;5.1;5;60.3;76.7;1;62.8;25;3.4;-;-8.8;43.0
NEU;200702;6.9;7.17;76;957.0;12.8;-0.8;5.6;0;94.5;76.3;0;112.3;42;3.0;-;-3.3;41.0
NEU;200703;6.7;30.24;130;959.3;17.1;-1.0;6.5;1;100.4;69.5;0;162.3;47;2.5;-;-3.6;30.7
NEU;200704;9.1;106.16;233;961.5;25.5;2.0;14.5;0;36.3;56.8;0;305.1;80;2.0;-;-0.5;19.9
NEU;200705;11.8;68.81;199;956.7;27.2;4.8;14.8;0;160.4;70.1;0;192.4;45;2.5;-;2.7;25.8
NEU;200706;14.5;71.40;209;958.0;28.6;10.0;17.8;0;164.6;71.3;0;179.6;42;2.4;-;7.7;36.1
NEU;200707;14.1;95.23;215;960.4;30.4;9.0;18.1;0;171.0;69.0;0;217.3;50;2.6;-;8.4;24.8
NEU;200708;15.0;72.67;187;959.6;28.5;10.6;17.8;0;276.2;74.4;0;208.5;51;2.2;-;8.4;32.5
NEU;200709;11.6;58.16;165;963.5;23.8;6.0;14.0;0;62.6;73.0;0;214.4;61;2.3;-;3.4;38.3
NEU;200710;10.1;18.30;86;965.1;20.1;2.1;10.1;0;15.7;78.7;0;92.7;30;1.4;-;-1.6;42.1
NEU;200711;6.5;11.39;49;963.0;13.2;-4.2;4.1;3;55.5;77.5;0;70.2;27;1.5;-;-7.3;44.5
NEU;200712;5.9;3.08;25;966.6;10.6;-5.0;1.4;0;104.3;84.4;0;26.7;11;1.6;-;-8.0;53.3
NEU;200801;6.4;3.14;47;964.2;11.6;-2.9;3.5;0;71.2;80.4;0;77.6;30;1.2;-;-4.7;35.6
NEU;200802;6.1;9.69;86;969.1;15.2;-4.5;4.3;0;29.1;72.2;0;138.8;50;1.3;-;-7.3;23.1
NEU;200803;6.1;22.90;122;953.5;17.0;-4.9;5.1;30;80.1;68.1;1;93.5;27;3.8;-;-8.0;23.7
NEU;200804;7.8;39.45;146;954.9;20.9;-1.1;8.5;0;104.7;70.8;0;108.0;28;1.4;-;-3.7;23.0
NEU;200805;11.5;75.16;227;957.1;25.4;5.4;15.5;0;55.7;66.2;0;181.4;42;1.2;-;3.4;18.3
NEU;200806;14.3;79.72;225;960.4;30.9;8.5;18.0;0;55.0;70.1;0;178.9;41;1.2;-;6.6;29.8
NEU;200807;14.5;111.93;247;960.4;30.2;9.9;19.2;0;126.8;66.0;0;245.6;56;1.9;-;7.7;30.3
NEU;200808;15.1;78.35;208;959.7;27.5;8.9;18.6;0;105.2;71.1;0;224.0;55;2.2;-;6.9;35.9
NEU;200809;11.9;40.92;149;960.8;26.4;4.8;13.4;0;93.5;76.1;0;157.2;44;2.8;-;2.6;40.2
NEU;200810;10.5;15.55;86;961.9;20.4;0.5;10.3;0;108.0;83.0;0;93.4;30;2.0;-;0.0;42.3
NEU;200811;7.6;8.33;51;958.5;14.1;-2.8;5.6;8;29.4;81.8;0;68.8;27;2.2;-;-5.3;43.6
NEU;200812;5.8;3.59;27;960.5;8.3;-6.8;1.4;29;108.9;84.9;1;33.6;14;2.8;-;-8.8;45.3
NEU;200901;4.9;1.58;34;957.1;8.5;-7.8;-1.2;6;44.4;85.7;7;35.3;14;2.2;-;-;53.2
NEU;200902;5.3;6.46;79;957.3;10.4;-6.0;1.2;33;59.7;79.5;2;83.6;31;2.1;-;-8.4;40.9
NEU;200903;6.2;31.76;125;958.6;14.9;-1.3;5.7;0;54.8;68.9;0;131.7;38;3.2;-;-4.0;14.1
NEU;200904;8.8;66.42;203;956.3;21.9;3.8;12.1;0;22.3;64.8;0;208.3;55;2.1;-;1.6;21.0
NEU;200905;11.8;94.78;239;962.2;31.5;5.5;16.2;0;37.3;65.4;0;233.7;54;2.2;-;2.4;22.6
NEU;200906;13.1;96.17;253;959.7;28.8;9.0;17.4;0;92.5;66.6;0;224.5;52;2.6;-;7.2;28.4
NEU;200907;14.7;99.34;228;960.6;29.4;11.2;19.8;0;96.6;64.8;0;216.6;49;2.3;-;10.1;16.3
NEU;200908;15.6;118.22;238;961.8;33.6;11.3;21.0;0;45.0;63.9;0;281.8;69;2.1;-;7.9;21.9
NEU;200909;13.5;57.57;164;962.9;28.7;9.0;16.9;0;37.2;70.6;0;190.9;54;2.3;-;6.3;26.1
NEU;200910;9.7;33.15;103;961.4;25.9;0.3;10.7;0;32.7;73.4;0;140.1;44;2.0;-;-2.4;26.7
NEU;200911;8.9;6.76;43;956.0;17.0;0.6;7.9;0;113.2;83.3;0;44.7;17;2.5;-;-0.1;43.5
NEU;200912;6.1;3.83;28;952.0;9.9;-10.0;2.3;14;144.3;80.9;1;30.7;13;2.5;-;-12.8;30.7
NEU;201001;4.9;2.02;30;956.1;7.5;-6.4;-0.7;20;36.1;83.2;2;27.8;11;2.1;-;-9.0;43.9
NEU;201002;5.5;4.44;67;949.0;11.7;-7.8;1.4;9;71.8;78.4;1;55.5;21;2.5;-;-10.1;46.0
NEU;201003;6.1;30.25;129;959.6;17.7;-5.9;5.2;4;47.9;66.0;0;146.4;42;3.3;-;-8.1;19.9
NEU;201004;7.7;83.82;221;960.6;25.5;0.7;11.2;0;15.4;58.7;0;231.7;61;2.8;-;-1.3;23.8
NEU;201005;10.2;55.53;178;957.0;27.6;5.3;12.6;0;87.5;71.2;0;126.2;29;2.6;-;4.4;25.0
NEU;201006;13.6;89.55;233;958.2;30.5;7.6;17.7;0;45.5;68.5;0;201.3;46;2.2;-;6.0;23.2
NEU;201007;15.2;139.35;257;961.5;34.3;11.5;21.6;0;24.8;60.5;0;278.4;63;2.2;-;9.5;22.0
NEU;201008;14.6;71.38;188;960.1;30.3;9.3;18.1;0;138.5;70.9;0;179.2;44;2.4;-;7.9;33.6
NEU;201009;11.4;60.37;170;959.7;23.3;4.3;14.5;0;18.7;69.7;0;202.2;57;2.1;-;2.0;26.1
NEU;201010;9.5;21.53;91;957.7;21.0;-0.1;9.6;0;17.9;78.0;0;111.1;35;2.2;-;-2.0;41.6
NEU;201011;7.8;9.41;52;951.4;16.9;-7.1;6.0;19;90.7;80.5;1;69.4;27;2.7;-;-9.4;49.5
NEU;201012;5.3;5.20;34;955.0;11.5;-9.4;0.2;35;117.9;81.7;5;49.5;20;2.4;-;-12.4;46.1
NEU;201101;6.0;2.80;45;961.9;12.4;-6.1;1.9;2;38.6;81.7;0;61.2;24;2.6;-;-8.4;47.5
NEU;201102;6.1;6.16;79;961.2;13.3;-5.2;3.3;0;28.6;79.2;0;112.8;42;1.5;-;-7.2;30.4
NEU;201103;6.9;37.32;143;962.8;18.3;-1.1;7.4;0;18.7;66.8;0;190.8;55;2.5;-;-3.8;26.4
NEU;201104;8.6;103.14;241;960.9;25.4;3.0;13.6;0;8.7;56.4;0;293.0;77;2.3;-;-0.5;15.1
NEU;201105;10.7;122.23;258;962.0;29.0;5.8;16.1;0;53.4;59.6;0;288.8;67;2.1;-;2.9;8.2
NEU;201106;13.2;83.90;230;960.9;32.5;7.5;17.5;0;63.1;67.0;0;190.9;44;2.5;-;6.9;31.4
NEU;201107;12.7;113.97;236;957.8;29.5;9.4;17.6;0;106.1;64.6;0;228.1;52;2.3;-;7.3;22.4
NEU;201108;15.5;98.08;229;960.1;32.8;9.2;20.0;0;69.3;67.1;0;257.2;63;2.0;-;6.9;25.3
NEU;201109;14.7;54.29;179;962.4;28.1;7.4;17.3;0;75.5;75.1;0;232.2;66;2.0;-;5.6;35.8
NEU;201110;10.6;22.07;103;964.5;21.9;1.3;10.5;0;68.1;82.6;0;144.6;46;1.9;-;-1.0;48.6
NEU;201111;8.7;3.46;41;964.0;14.0;0.2;5.9;0;12.6;92.6;0;44.1;17;1.0;-;-1.3;70.8
NEU;201112;7.1;3.31;27;962.0;11.6;-3.1;4.3;12;167.6;84.6;1;33.4;14;3.7;-;-5.7;52.4
NEU;201201;6.4;3.15;43;965.9;10.2;-5.0;3.2;3;90.2;82.0;0;71.0;28;3.3;-;-7.7;42.2
NEU;201202;4.0;10.43;101;967.1;14.6;-13.2;-2.3;5;14.4;71.5;1;144.9;52;3.3;-;-14.8;41.6
NEU;201203;6.8;55.57;177;968.2;19.6;-0.8;9.0;0;17.4;61.7;0;263.6;76;2.2;-;-3.8;21.5
NEU;201204;8.3;39.11;154;949.9;26.0;0.4;9.4;0;86.7;71.2;0;115.9;30;2.7;-;-1.7;21.8
NEU;201205;11.0;94.56;244;959.3;28.1;2.9;14.8;0;55.7;66.1;0;238.1;55;2.5;-;0.0;13.0
NEU;201206;14.7;86.08;237;959.1;30.6;8.2;18.1;0;121.0;71.7;0;211.7;49;2.2;-;6.7;33.7
NEU;201207;14.3;115.60;257;960.6;31.7;10.1;19.2;0;106.2;65.5;0;251.8;57;2.8;-;7.2;32.3
NEU;201208;15.8;104.59;231;961.6;33.6;10.9;20.4;0;111.9;67.0;0;266.8;65;2.0;-;8.6;30.4
NEU;201209;13.3;38.60;137;960.5;25.9;6.8;15.1;0;104.3;77.2;0;147.0;42;2.1;-;4.0;34.1
NEU;201210;11.0;16.71;84;957.2;21.6;-0.3;10.8;0;82.5;82.7;0;98.2;31;1.8;-;-2.6;43.3
NEU;201211;8.4;6.50;41;957.5;16.7;-0.1;6.5;0;156.3;86.0;0;41.1;16;1.8;-;-3.6;48.3
NEU;201212;6.4;3.81;32;958.7;12.0;-6.9;2.9;20;177.8;83.0;2;38.4;16;3.1;-;-10.2;50.5
NEU;201301;5.7;2.48;43;958.2;11.3;-6.3;1.6;10;40.9;81.8;1;55.0;21;2.3;-;-9.2;44.7
NEU;201302;4.9;4.64;72;956.8;8.8;-6.3;0.0;23;53.2;77.5;3;57.9;22;3.0;-;-10.0;46.6
NEU;201303;6.0;16.45;96;950.1;12.2;-4.6;3.3;1;69.2;76.3;0;76.8;22;2.2;-;-7.7;30.8
NEU;201304;8.6;43.19;152;957.8;23.9;0.3;9.6;0;91.8;71.6;0;128.9;34;2.5;-;-1.3;27.1
NEU;201305;9.9;47.46;183;955.9;21.6;4.3;11.4;0;113.4;73.7;0;131.1;30;2.5;-;0.7;30.3
NEU;201306;12.9;96.04;250;961.6;31.7;7.5;16.9;0;93.6;67.3;0;230.3;53;2.4;-;4.7;31.0
NEU;201307;16.3;135.17;272;962.7;34.5;11.5;21.7;0;116.8;64.2;0;300.1;68;2.3;-;8.7;24.8
NEU;201308;15.1;113.39;243;962.0;31.3;10.9;19.8;0;63.3;66.1;0;284.5;70;2.1;-;8.3;31.5
NEU;201309;13.3;50.10;152;960.7;27.2;8.0;16.0;0;88.3;73.0;0;164.2;46;2.3;-;5.5;27.4
NEU;201310;12.0;13.48;79;961.1;21.2;4.5;12.3;0;116.9;82.7;0;77.0;24;2.0;-;2.2;39.3
NEU;201311;7.2;10.39;46;959.3;16.7;-3.5;5.3;3;86.7;78.0;0;65.6;25;3.2;-;-6.7;44.0
NEU;201312;6.2;4.22;38;966.3;13.2;-3.6;2.1;0;103.2;88.2;0;60.1;25;1.8;-;-5.9;40.0
NEU;201401;6.8;2.25;42;954.5;11.2;-1.9;3.6;0;89.3;84.8;0;56.5;22;1.8;-;-4.7;50.2
NEU;201402;6.9;4.03;71;954.1;10.6;-1.1;4.2;0;105.4;83.9;0;69.8;26;2.4;-;-3.4;44.7
NEU;201403;6.9;43.69;163;959.9;19.8;-0.6;8.0;0;27.5;66.0;0;225.3;65;2.1;-;-3.1;29.8
NEU;201404;8.8;68.28;193;957.8;21.2;1.4;11.7;0;93.0;65.2;0;200.0;52;2.4;-;-0.4;21.8
NEU;201405;10.2;74.53;218;959.8;25.7;4.3;13.0;0;96.9;69.3;0;193.0;45;2.9;-;1.6;31.8
NEU;201406;12.9;133.47;282;960.3;31.2;9.3;18.8;0;51.2;60.9;0;291.3;67;2.5;-;6.5;23.3
NEU;201407;15.7;72.20;209;959.0;30.4;10.3;18.4;0;153.8;75.9;0;176.1;40;2.3;-;8.1;24.9
NEU;201408;14.2;63.60;196;959.4;26.4;9.4;17.4;0;77.3;71.4;0;169.3;42;2.3;-;6.7;39.3
NEU;201409;14.0;50.22;173;961.5;25.9;7.4;16.4;0;16.2;75.3;0;203.5;57;2.0;-;4.1;36.7
NEU;201410;12.8;18.32;106;961.6;21.1;3.9;13.2;0;88.7;83.9;0;133.5;42;1.7;-;2.7;42.9
NEU;201411;9.5;3.22;35;955.6;12.3;2.7;7.2;0;90.8;92.7;0;27.3;11;1.5;-;1.0;61.7
NEU;201412;6.7;4.94;34;963.7;12.1;-7.9;4.2;6;31.2;79.7;0;53.2;22;3.0;-;-10.7;50.8
NEU;201501;6.2;2.35;37;962.0;13.6;-3.1;2.7;18;82.1;82.3;1;47.6;19;2.9;-;-4.8;40.5
NEU;201502;5.3;5.01;69;958.9;10.6;-5.4;1.0;3;36.6;79.4;1;68.9;26;3.0;-;-7.2;28.1
NEU;201503;6.7;35.40;137;962.8;17.1;-0.3;7.3;0;66.8;65.9;0;181.7;52;3.1;-;-3.0;20.3
NEU;201504;7.6;88.82;207;963.4;21.9;0.0;10.9;0;84.0;59.1;0;229.6;60;2.9;-;-3.0;15.1
NEU;201505;10.7;91.35;223;960.5;28.1;5.5;14.7;0;130.0;65.8;0;217.6;51;2.9;-;3.8;25.3
NEU;201506;13.9;120.40;275;962.5;30.5;9.5;19.3;0;63.9;63.7;0;270.6;62;2.6;-;6.9;22.3
NEU;201507;14.9;181.81;286;960.8;37.8;10.4;23.6;0;36.5;52.3;0;323.4;74;3.0;-;8.4;16.6
NEU;201508;15.7;101.54;211;960.5;35.1;11.2;20.7;0;69.1;65.9;0;239.6;59;2.0;-;9.7;20.0
NEU;201509;11.2;60.99;161;961.0;24.2;7.8;14.6;0;71.7;67.1;0;185.2;52;3.2;-;5.8;35.4
NEU;201510;9.9;19.85;89;961.0;18.0;3.7;10.1;0;43.5;79.6;0;97.8;31;2.1;-;1.5;46.4
NEU;201511;8.7;12.23;58;965.6;19.6;-2.6;8.1;0;68.6;78.9;0;91.2;35;2.7;-;-5.2;21.0
NEU;201512;7.9;1.85;29;972.4;11.0;-0.4;4.4;0;13.7;93.9;0;29.1;12;1.2;-;-1.4;48.1
NEU;201601;6.8;2.41;42;959.1;13.3;-5.9;3.8;14;165.4;82.9;1;57.4;22;3.0;-;-8.0;37.6
NEU;201602;6.7;4.17;54;956.7;16.0;-1.4;4.6;2;102.6;78.5;0;44.4;16;3.9;-;-3.6;44.2
NEU;201603;6.4;27.59;127;956.7;18.1;-1.8;5.8;2;52.5;69.6;0;132.7;38;3.4;-;-4.4;28.3
NEU;201604;8.5;45.10;162;956.4;20.7;-0.4;9.6;0;143.2;71.4;0;140.6;37;2.5;-;-2.4;34.6
NEU;201605;10.6;73.71;208;957.4;26.0;4.7;13.2;0;154.4;70.7;0;191.9;45;2.5;-;1.3;20.4
NEU;201606;14.6;60.19;218;959.3;30.2;10.2;17.0;0;153.2;76.5;0;159.4;37;2.2;-;8.2;27.9
NEU;201607;15.5;132.00;265;962.6;32.3;10.3;20.8;0;54.7;64.1;0;285.2;65;2.3;-;7.7;26.3
NEU;201608;14.9;117.57;234;963.9;32.0;10.7;20.6;0;27.3;62.5;0;278.2;68;2.2;-;8.6;26.6
NEU;201609;14.4;62.31;170;962.9;28.5;9.2;17.9;0;46.6;71.5;0;214.8;61;1.9;-;7.7;28.9
NEU;201610;9.6;24.69;93;963.4;17.7;2.8;9.7;0;84.5;79.4;0;124.4;39;2.6;-;0.7;43.0
NEU;201611;7.7;9.31;48;959.2;15.0;-2.7;5.6;0;103.5;82.7;0;69.2;27;2.7;-;-4.9;45.4
NEU;201612;6.1;2.99;31;972.6;11.5;-2.8;1.4;0;0.0;90.3;0;42.3;17;1.6;-;-4.2;45.3
NEU;201701;4.5;2.05;36;965.3;7.5;-10.0;-1.9;25;34.9;82.7;3;32.0;12;2.9;-;-12.1;49.1
NEU;201702;6.6;7.57;82;961.0;16.8;-0.7;4.8;1;58.8;78.0;0;99.6;37;2.4;-;-3.0;25.5
NEU;201703;7.9;37.96;147;961.0;20.5;1.2;9.1;0;62.1;70.2;0;191.2;55;3.0;-;-0.8;28.3
NEU;201704;7.3;88.72;216;962.4;23.7;-0.2;10.3;0;44.9;59.2;0;241.7;63;2.6;-;-3.1;17.7
NEU;201705;11.4;91.73;235;960.7;28.6;3.2;15.0;0;88.2;68.0;0;227.8;53;2.5;-;1.3;22.3
NEU;201706;14.9;128.78;286;960.0;33.6;8.2;20.8;0;60.0;61.5;0;285.7;66;2.9;-;6.3;26.2
NEU;201707;15.2;107.04;235;960.8;33.2;12.6;20.6;0;77.3;64.2;0;219.8;50;2.6;-;11.5;21.7
NEU;201708;16.0;90.82;213;962.2;33.9;10.8;20.5;0;84.2;67.6;0;234.1;57;2.1;-;8.5;25.5
NEU;201709;11.2;51.23;155;960.8;26.3;5.7;14.4;0;23.4;69.5;0;165.0;47;2.4;-;4.0;32.9
NEU;201710;10.1;38.10;118;966.1;23.0;4.1;12.2;0;20.6;71.0;0;193.1;61;2.1;-;1.9;16.0
NEU;201711;7.2;10.21;50;961.1;15.1;-1.4;5.8;1;58.7;76.4;0;67.8;26;2.9;-;-4.0;48.2
NEU;201712;6.1;4.33;29;961.1;12.1;-3.6;2.3;17;141.7;82.9;1;40.0;16;3.3;-;-6.8;52.9
NEU;201801;7.6;1.75;35;960.0;11.6;-1.1;5.3;0;164.6;84.8;0;34.9;14;3.7;-;-3.5;49.8
NEU;201802;4.7;7.21;68;956.8;9.3;-10.2;0.3;14;31.0;71.1;0;58.4;22;3.7;-;-12.2;28.6
NEU;201803;6.7;15.74;101;948.2;13.5;-6.6;4.3;12;95.5;80.4;2;78.3;22;2.5;-;-10.3;34.5
NEU;201804;9.1;82.02;215;957.0;25.4;0.3;13.4;0;22.7;61.0;0;236.8;62;2.4;-;-1.8;22.3
NEU;201805;12.4;66.51;211;958.4;25.7;7.1;15.5;0;95.8;71.3;0;188.9;44;2.4;-;3.4;30.5
NEU;201806;14.3;126.61;287;960.3;29.7;11.5;19.3;0;69.3;64.7;0;285.7;66;3.0;-;7.0;25.8
NEU;201807;15.6;143.19;273;960.1;32.4;13.2;21.6;0;117.4;62.6;0;304.5;69;1.9;-;9.6;26.3
NEU;201808;15.6;120.29;229;961.7;34.0;9.1;21.6;0;56.7;61.4;0;267.5;66;2.2;-;6.4;25.7
NEU;201809;12.7;76.78;181;964.8;28.7;5.7;17.2;0;17.9;65.2;0;241.4;68;2.2;-;1.7;22.1
NEU;201810;10.1;37.85;113;960.8;21.5;2.1;12.1;0;32.0;71.6;0;183.1;58;2.1;-;0.5;18.7
NEU;201811;8.4;4.36;36;959.7;14.1;-0.5;6.0;0;40.3;87.9;0;28.4;11;1.7;-;-2.9;58.7
NEU;201812;7.3;3.45;30;965.3;11.8;-2.4;4.4;1;145.9;84.2;0;33.4;14;3.2;-;-4.2;50.7
NEU;201901;5.2;3.88;48;960.0;7.2;-5.0;1.3;21;54.1;76.6;1;76.3;30;2.8;-;-8.8;35.3
NEU;201902;5.8;13.43;107;966.8;18.6;-4.1;4.1;1;37.5;72.7;1;170.1;63;2.0;-;-6.3;26.6
NEU;201903;6.5;47.64;146;963.7;19.1;-0.3;7.6;0;57.6;63.5;0;186.1;53;4.0;-;-3.1;23.7
NEU;201904;7.7;60.01;192;956.5;23.1;0.2;9.7;1;63.9;66.1;0;180.8;47;2.4;-;-2.1;15.3
NEU;201905;9.2;82.76;217;958.5;23.3;0.7;11.6;0;77.9;67.3;0;194.8;45;2.9;-;-3.4;28.0
NEU;201906;15.0;119.62;271;960.5;34.1;9.5;19.6;0;126.0;66.8;0;280.6;64;2.0;-;5.8;19.0
NEU;201907;14.8;150.00;270;959.7;35.8;13.4;22.1;0;85.0;57.4;0;284.5;65;2.3;-;9.4;18.8
NEU;201908;15.8;94.14;225;961.7;32.2;10.8;19.9;0;87.2;68.8;0;251.4;62;2.0;-;7.6;29.8
NEU;201909;12.1;74.55;175;963.1;27.9;9.2;16.7;0;25.7;63.9;0;218.8;62;2.9;-;5.3;27.2
NEU;201910;12.0;15.27;80;960.2;22.4;5.2;12.0;0;140.6;85.3;0;91.5;29;2.0;-;2.3;44.1
NEU;201911;8.0;5.95;42;949.9;14.7;0.0;6.0;0;90.8;84.2;0;37.4;14;2.6;-;-2.6;51.8
NEU;201912;7.0;4.71;33;959.3;12.7;-2.0;4.4;0;114.2;82.9;0;50.0;20;3.3;-;-4.8;39.8
NEU;202001;6.3;3.75;52;968.6;12.8;-2.8;3.2;0;33.7;82.2;0;100.4;39;2.4;-;-5.9;32.7
NEU;202002;6.7;10.19;84;963.6;17.9;-2.0;6.6;1;99.5;67.8;0;120.9;43;4.4;-;-5.8;23.0
NEU;202003;6.4;45.68;157;959.9;18.6;-1.1;6.8;0;59.4;63.9;0;201.5;58;3.7;-;-3.9;24.6
NEU;202004;8.1;104.49;232;959.6;23.1;-0.3;13.0;0;41.6;55.1;0;280.0;73;2.2;-;-5.3;15.7
NEU;202005;10.2;121.61;252;961.9;26.2;4.6;14.9;0;79.4;62.4;0;270.5;63;3.3;-;2.0;26.5
NEU;202006;13.5;87.65;239;958.0;29.0;9.7;17.3;0;135.8;70.1;0;199.4;46;2.4;-;5.3;27.2
NEU;202007;14.0;161.35;277;961.5;34.0;12.7;21.3;0;56.3;56.6;0;303.9;69;2.5;-;6.1;25.2
NEU;202008;15.4;98.49;207;959.4;34.2;11.2;20.6;0;96.6;65.4;0;223.6;55;2.2;-;7.7;26.1
NEU;202009;13.8;60.61;169;961.1;28.2;6.6;16.9;0;64.8;71.7;0;204.6;58;2.3;-;4.7;33.7
NEU;202010;9.9;16.53;83;958.3;17.4;3.5;10.0;0;162.6;80.0;0;87.9;28;2.6;-;0.4;47.3
NEU;202011;8.4;6.02;42;967.8;19.4;-1.0;6.3;0;20.9;86.0;0;45.6;18;1.6;-;-4.1;48.2
NEU;202012;6.8;3.13;27;953.1;13.1;-2.8;3.6;4;114.3;84.9;0;25.2;10;2.4;-;-6.1;46.8
NEU;202101;5.7;2.76;38;955.6;9.9;-5.1;1.9;18;125.2;79.4;1;47.8;19;3.4;-;-7.6;36.9
NEU;202102;6.5;8.17;82;961.3;14.9;-7.7;4.6;6;28.7;74.2;0;97.7;36;2.8;-;-10.9;38.1
NEU;202103;6.0;44.83;152;965.1;20.8;-1.3;6.2;0;44.2;63.9;0;195.3;56;2.9;-;-4.8;19.9
NEU;202104;6.1;98.29;226;960.5;21.9;-1.7;9.1;1;29.3;53.3;0;247.5;65;3.3;-;-5.5;15.4
NEU;202105;9.0;78.28;213;958.5;24.8;1.7;11.5;0;147.6;68.5;0;186.8;43;3.1;-;-0.2;25.6
NEU;202106;15.3;90.45;256;961.6;31.1;11.3;19.1;0;175.3;71.1;0;227.9;52;2.0;-;5.6;27.3
NEU;202107;15.8;80.00;222;959.9;27.8;12.5;18.9;0;194.9;73.7;0;205.5;47;2.3;-;8.5;37.3
NEU;202108;14.6;78.53;210;961.2;29.7;10.6;18.1;0;61.3;70.4;0;212.6;52;2.4;-;5.5;37.8
NEU;202109;14.1;60.58;173;963.1;26.9;8.6;17.1;0;57.9;73.4;0;218.3;62;1.9;-;5.3;37.7
NEU;202110;9.8;26.49;111;963.6;21.9;2.7;10.3;0;54.9;78.2;0;154.9;49;2.2;-;-0.2;23.3
NEU;202111;7.1;6.85;42;959.6;11.9;-0.1;4.8;0;15.8;82.2;0;41.3;16;2.7;-;-3.3;48.0
NEU;202112;6.7;2.62;25;960.2;13.3;-2.5;2.9;6;130.7;87.7;0;28.4;12;2.6;-;-5.6;58.0
NEU;202201;5.6;4.07;57;969.0;14.8;-3.6;2.3;0;33.1;77.0;0;102.8;40;3.2;-;-6.7;43.1
NEU;202202;6.1;11.84;97;965.5;16.3;-1.3;4.9;0;44.0;70.0;0;144.4;54;3.6;-;-5.0;29.2
NEU;202203;5.9;56.31;171;964.2;19.0;-2.5;7.9;0;14.9;56.5;0;242.7;70;2.3;-;-7.2;17.8
NEU;202204;7.7;78.91;196;956.8;21.5;-2.0;10.1;1;95.5;62.4;0;210.8;55;3.3;-;-5.2;25.0
NEU;202205;11.9;107.41;254;961.8;30.3;6.4;17.1;0;20.4;62.3;0;263.8;61;2.4;-;3.9;20.1
NEU;202206;14.5;127.02;267;960.5;36.5;9.4;20.8;0;69.9;61.7;0;264.4;61;2.3;-;4.8;18.4
NEU;202207;13.8;197.11;302;963.9;35.7;12.6;22.7;0;71.2;52.1;0;346.3;79;2.6;-;8.1;15.6
NEU;202208;14.7;140.92;241;960.2;36.7;15.2;22.2;0;57.1;57.6;0;283.5;70;2.8;-;11.4;13.5
NEU;202209;12.7;51.83;150;958.5;26.3;6.5;15.2;0;174.9;73.0;0;167.8;47;2.6;-;3.4;32.3
NEU;202210;13.8;15.57;98;964.9;21.5;9.1;14.1;0;81.2;86.5;0;120.0;38;1.5;-;6.0;48.8
NEU;202211;9.0;8.45;51;959.5;15.9;2.7;8.1;0;83.0;83.4;0;66.7;26;2.1;-;-0.1;44.4
NEU;202212;7.1;3.29;27;958.5;13.7;-5.2;4.0;5;87.1;84.4;1;30.6;13;2.5;-;-7.7;53.1
NEU;202301;6.4;2.53;36;961.7;14.9;-6.5;3.5;2;69.4;78.8;0;45.3;18;3.2;-;-9.1;49.8
NEU;202302;6.0;8.89;98;969.5;15.0;-4.4;4.1;0;5.2;71.8;0;135.4;50;2.5;-;-7.7;32.5
NEU;202303;7.2;27.54;121;956.9;18.4;-0.6;7.6;0;82.2;68.4;0;134.2;39;2.6;-;-4.0;28.6
NEU;202304;8.0;49.25;173;958.8;22.0;0.0;9.2;0;64.4;68.8;0;150.9;40;2.0;-;-4.1;26.0
NEU;202305;11.3;84.13;234;960.4;25.6;7.8;15.1;0;43.0;67.6;0;208.4;48;2.7;-;3.2;24.0
NEU;202306;12.9;171.77;295;959.6;31.1;12.5;21.3;0;41.2;52.7;0;317.4;73;2.4;-;7.4;16.9
NEU;202307;14.7;134.79;254;959.9;35.8;12.3;21.9;0;34.1;57.3;0;254.0;58;2.6;-;7.9;18.4
NEU;202308;15.3;94.42;192;960.0;35.6;10.1;21.3;0;92.2;62.0;0;194.9;48;2.4;-;6.8;20.4
NEU;202309;15.1;77.99;196;962.1;29.9;8.6;19.3;0;63.6;68.4;0;264.1;75;1.8;-;3.8;32.3
NEU;202310;11.7;36.67;111;957.5;25.1;4.6;13.8;0;129.2;74.6;0;174.0;55;2.3;-;0.6;32.8
NEU;202311;8.1;6.92;39;954.9;14.1;-0.6;6.8;1;214.8;80.3;0;40.5;16;3.6;-;-4.7;37.7
NEU;202312;7.2;5.17;36;961.7;12.8;-3.9;4.9;1;134.2;81.9;0;64.1;26;3.0;-;-7.4;29.7
NEU;202401;6.4;2.86;46;963.1;15.1;-5.7;3.3;6;82.3;80.5;0;70.2;27;3.1;-;-8.5;45.1