stn;time;pva200m0;ets150m0;nto000m0;gre000m0;prestam0;tre200mx;tre200mn;tre200m0;hns000m0;rre150m0;ure200m0;hto000m0;su2000m0;sremaxmv;fkl010m0;tre005mn;ure200mn
GVE;200001;5.5;2.86;67;48;977.3;11.8;-9.3;1.3;3;19.2;79.8;1;79.3;32;1.7;-12.5;-
GVE;200002;6.6;6.98;68;82;976.4;16.2;-3.6;4.9;1;95.7;75.3;0;111.1;41;2.2;-7.0;-
GVE;200003;6.7;31.53;54;147;972.2;19.9;-2.9;7.1;0;44.2;66.7;0;192.8;56;2.6;-6.4;-
GVE;200004;8.6;48.75;68;178;960.6;26.1;0.1;10.8;0;78.8;67.2;0;171.3;45;2.4;-4.2;-
GVE;200005;12.1;79.79;58;233;968.4;28.3;6.5;16.5;0;52.7;65.2;0;234.8;54;2.1;1.5;-
GVE;200006;13.4;127.81;42;271;971.7;31.8;8.4;19.8;0;23.1;59.2;0;291.1;66;2.2;3.2;-
GVE;200007;13.2;99.38;60;226;967.0;34.9;7.8;18.5;0;120.6;63.5;0;224.2;51;2.4;3.0;-
GVE;200008;15.7;95.48;47;209;970.3;34.1;11.7;20.7;0;109.2;66.4;0;260.3;64;1.4;6.6;-
GVE;200009;13.2;60.40;48;169;967.8;29.7;7.8;16.8;0;105.4;69.8;0;237.4;68;1.5;2.5;-
GVE;200010;10.8;20.50;71;89;968.1;20.5;2.6;12.2;0;130.5;76.1;0;110.1;36;1.8;-1.3;-
GVE;200011;8.0;8.38;76;45;962.8;17.7;-1.6;7.3;0;148.7;78.4;0;56.4;22;1.9;-5.3;-
GVE;200012;7.2;4.10;81;34;965.9;13.6;-4.3;5.3;0;67.9;79.7;0;49.0;21;1.5;-7.1;-
GVE;200101;6.4;2.45;83;40;965.8;11.7;-5.2;3.4;3;146.4;81.4;0;50.8;20;2.2;-7.5;-
GVE;200102;5.9;8.28;62;89;970.3;15.9;-6.7;4.8;0;44.2;67.7;0;114.3;43;2.7;-9.6;-
GVE;200103;8.9;15.01;82;96;960.6;22.2;-1.5;9.0;5;282.1;78.0;0;77.9;23;2.6;-4.9;-
GVE;200104;7.7;43.06;76;166;966.5;20.9;0.3;8.5;0;113.7;70.3;0;144.1;38;2.6;-3.4;-
GVE;200105;12.6;74.06;64;232;967.4;30.6;4.8;16.3;0;73.5;69.9;0;223.3;51;2.2;2.1;-
GVE;200106;12.7;103.31;54;256;969.9;30.4;3.5;17.2;0;126.9;66.8;0;261.8;60;1.9;-0.9;-
GVE;200107;15.6;93.99;56;242;968.2;31.9;7.5;20.1;0;107.8;67.9;0;248.3;56;2.0;6.5;-
GVE;200108;16.3;81.90;49;213;969.7;32.1;8.8;20.4;0;72.5;70.0;0;250.6;62;1.6;4.1;-
GVE;200109;11.3;37.40;69;141;968.1;24.6;2.6;13.1;0;96.6;75.9;0;150.9;43;1.8;-0.2;-
GVE;200110;13.2;21.61;58;114;971.9;25.9;5.8;14.1;0;80.4;82.9;0;173.1;56;1.3;1.8;-
GVE;200111;6.7;8.81;77;49;973.6;12.4;-3.5;4.3;0;34.6;79.2;0;58.9;23;2.9;-6.6;-
GVE;200112;5.5;5.86;76;37;974.1;12.0;-8.3;1.6;9;38.6;74.4;0;62.7;26;3.5;-13.7;-
GVE;200201;5.8;2.62;79;46;978.5;15.5;-8.8;1.4;7;44.0;83.6;1;73.5;29;1.3;-11.3;-
GVE;200202;7.2;5.27;73;73;970.7;16.4;-4.1;6.3;0;79.1;74.9;0;88.2;33;2.7;-7.2;-
GVE;200203;7.2;35.19;55;147;970.1;20.7;-1.9;7.8;5;57.2;68.4;0;189.9;55;2.3;-5.6;-
GVE;200204;7.6;66.88;58;196;965.7;22.4;-1.3;10.5;0;22.6;61.7;0;215.8;57;2.4;-4.8;-
GVE;200205;10.7;64.64;72;193;966.8;27.5;4.1;13.4;0;149.0;72.3;0;181.9;42;1.4;-1.3;-
GVE;200206;14.6;115.42;54;264;968.7;35.3;7.3;20.5;0;63.8;62.5;0;275.9;63;1.9;3.0;-
GVE;200207;15.0;100.33;53;235;967.8;30.8;8.4;19.9;0;117.8;66.7;0;248.1;56;2.3;3.8;-
GVE;200208;15.6;62.30;58;192;967.6;30.1;10.7;18.6;0;89.9;74.3;0;199.4;49;1.6;7.0;-
GVE;200209;12.7;40.20;62;151;969.1;25.9;2.7;15.1;0;29.0;73.7;0;161.1;46;2.3;-0.8;-
GVE;200210;10.5;23.13;68;97;967.7;23.3;0.6;11.6;0;138.0;76.9;0;139.2;45;2.1;-2.9;-
GVE;200211;9.2;5.17;79;43;963.8;17.2;0.3;7.8;0;295.3;86.9;0;44.7;18;1.5;-3.2;-
GVE;200212;7.9;2.11;93;21;968.1;11.4;0.1;5.6;0;80.7;85.0;0;7.6;3;2.1;-2.9;-
GVE;200301;5.6;2.58;78;41;968.8;16.2;-10.1;1.6;8;79.7;78.6;0;52.5;21;3.1;-12.9;-
GVE;200302;4.6;6.16;68;77;971.5;14.1;-8.8;0.3;5;22.4;73.1;0;89.5;34;2.0;-12.2;-
GVE;200303;6.6;45.18;43;165;973.9;20.3;-1.8;8.2;0;17.2;62.1;0;244.5;71;2.3;-6.5;-
GVE;200304;7.8;71.84;55;202;966.7;23.4;-3.1;10.9;0;59.0;60.1;0;222.8;58;3.1;-8.8;-
GVE;200305;11.6;75.22;62;224;970.3;29.5;2.2;15.9;0;30.5;65.3;0;214.5;49;2.1;-3.0;-
GVE;200306;15.9;144.23;46;289;968.5;36.5;13.8;24.1;0;45.4;56.5;0;324.5;74;2.0;7.7;-
GVE;200307;14.2;147.55;44;258;968.9;37.8;10.6;22.5;0;41.3;55.2;0;296.7;67;2.2;6.9;-
GVE;200308;15.5;135.04;40;231;969.5;37.6;11.1;24.0;0;110.3;56.1;0;294.7;72;1.8;7.6;-
GVE;200309;12.4;61.25;49;174;972.2;26.8;6.5;15.9;0;74.2;69.8;0;234.0;67;2.0;2.5;-
GVE;200310;9.3;16.37;72;84;965.6;20.3;-3.6;8.8;0;174.7;79.5;0;94.2;30;1.9;-8.5;-
GVE;200311;8.1;7.27;70;54;969.4;13.1;-0.6;6.0;0;53.8;87.1;0;84.4;33;1.1;-4.6;-
GVE;200312;6.0;6.30;65;42;971.0;11.4;-7.0;3.0;0;28.4;77.6;0;89.2;37;2.0;-9.9;-
GVE;200401;6.1;2.61;81;44;965.4;15.0;-10.5;2.7;15;139.0;79.4;1;62.6;25;2.7;-17.8;-
GVE;200402;5.5;9.42;65;89;971.3;16.8;-5.8;3.4;0;27.5;69.4;0;138.8;51;2.5;-9.5;32.8
GVE;200403;6.3;27.25;59;131;971.7;21.1;-4.5;5.5;2;59.3;69.5;0;154.6;45;2.6;-10.3;25.2
GVE;200404;8.1;53.74;69;186;964.4;22.1;0.3;10.6;0;31.6;64.4;0;176.6;46;3.1;-4.9;28.1
GVE;200405;9.5;98.08;53;239;966.1;28.5;4.3;13.8;0;43.8;62.7;0;248.8;57;2.7;-1.9;18.3
GVE;200406;12.5;121.67;52;256;970.2;32.8;9.0;18.8;0;61.0;60.2;0;270.4;62;2.5;3.0;14.1
GVE;200407;14.2;112.33;53;244;969.4;31.2;8.2;20.0;0;88.3;62.3;0;259.6;59;2.0;2.9;22.4
GVE;200408;15.7;82.19;59;207;967.0;32.7;9.8;20.1;0;205.9;68.4;0;235.0;58;2.0;4.7;23.3
GVE;200409;13.3;59.63;44;177;972.4;28.5;6.8;16.8;0;23.7;70.2;0;236.4;68;1.7;1.6;31.2
GVE;200410;12.4;17.95;73;83;964.8;26.3;6.6;13.6;0;212.8;79.7;0;100.5;33;1.9;2.0;34.7
GVE;200411;7.3;11.91;65;59;972.3;16.1;-4.3;5.9;0;39.0;75.8;0;94.3;37;2.4;-8.7;38.3
GVE;200412;6.1;3.17;87;28;971.7;10.2;-5.2;2.9;5;57.6;80.4;0;25.3;11;2.4;-9.4;46.7
GVE;200501;5.5;3.79;58;57;975.8;13.6;-10.6;1.3;21;48.0;78.4;2;106.4;43;2.8;-13.5;47.8
GVE;200502;4.7;7.10;64;87;969.0;10.8;-7.8;0.6;8;35.3;72.1;0;107.5;41;2.7;-11.0;38.5
GVE;200503;7.1;29.48;57;147;968.6;21.0;-9.8;6.8;18;39.7;68.9;1;182.3;53;1.8;-13.7;17.6
GVE;200504;8.2;51.24;73;165;966.2;26.4;1.4;10.5;3;119.7;65.8;0;160.8;42;2.6;-2.9;19.3
GVE;200505;10.8;86.27;64;221;969.2;30.6;4.8;15.3;0;76.3;63.6;0;227.6;52;1.9;-0.4;19.4
GVE;200506;14.0;136.99;49;281;970.1;33.6;6.9;20.5;0;52.2;58.1;0;315.4;72;2.5;0.6;24.3
GVE;200507;14.2;129.69;48;245;968.4;36.2;8.7;20.9;0;65.8;59.4;0;284.1;64;2.4;3.0;21.1
GVE;200508;14.0;79.12;60;193;969.2;29.5;9.3;18.6;0;75.9;67.0;0;207.1;51;1.8;4.4;28.2
GVE;200509;13.9;45.63;60;158;969.9;30.2;4.4;16.9;0;65.5;72.4;0;187.8;53;2.0;0.5;32.0
GVE;200510;11.3;18.13;55;100;971.1;19.9;4.6;11.7;0;66.3;83.0;0;147.2;47;1.3;1.4;41.5
GVE;200511;7.2;12.85;58;66;969.0;20.2;-9.6;4.8;10;36.7;78.6;1;117.7;46;2.4;-12.7;42.2
GVE;200512;5.1;4.71;75;36;969.5;8.8;-11.4;0.4;4;64.9;78.8;0;53.4;22;2.7;-13.7;48.7
GVE;200601;5.0;3.20;69;52;973.3;9.5;-8.6;0.3;1;23.1;79.4;0;91.1;36;2.1;-11.2;47.3
GVE;200602;5.3;4.63;77;71;965.8;12.6;-7.2;1.4;6;72.1;76.8;0;65.7;25;2.6;-11.1;37.8
GVE;200603;6.6;19.10;72;116;963.8;22.7;-9.3;5.1;9;138.1;72.6;1;105.6;31;3.2;-14.8;33.7
GVE;200604;8.2;58.37;57;190;966.6;21.9;-1.6;10.2;0;116.7;67.4;0;199.2;52;2.1;-5.2;23.2
GVE;200605;11.0;68.43;76;208;969.4;26.6;1.8;14.5;0;99.3;68.1;0;191.8;44;2.2;-1.9;17.9
GVE;200606;13.1;137.53;44;287;971.0;31.1;3.2;19.5;0;49.9;58.1;0;316.2;72;2.4;-1.2;17.5
GVE;200607;17.2;132.82;44;262;970.5;35.3;13.8;23.7;0;48.0;61.6;0;309.7;70;1.6;9.9;17.8
GVE;200608;13.0;67.19;65;190;966.3;27.4;6.3;16.8;0;137.0;69.6;0;187.1;46;2.2;1.6;28.6
GVE;200609;15.6;43.21;60;160;967.8;29.7;7.4;18.0;0;60.9;76.9;0;193.0;55;1.5;2.6;31.9
GVE;200610;12.5;20.64;64;101;967.8;23.6;4.9;13.6;0;105.2;80.5;0;147.2;48;1.3;1.1;35.3
GVE;200611;8.3;13.90;62;65;971.8;19.4;-2.7;7.7;0;59.8;78.0;0;113.9;45;1.9;-6.9;15.3
GVE;200612;6.4;4.87;71;39;976.6;14.8;-5.4;3.4;0;58.5;80.4;0;68.6;29;2.4;-7.5;43.5
GVE;200701;7.0;2.78;64;54;974.3;15.4;-11.2;4.3;12;76.3;81.0;1;90.6;36;2.5;-14.2;37.5
GVE;200702;7.0;5.84;66;75;965.4;14.9;-3.7;5.6;0;103.0;77.2;0;102.7;39;2.6;-6.4;33.1
GVE;200703;6.7;29.32;56;141;967.4;17.0;-1.9;6.7;0;79.2;69.1;0;176.1;51;2.6;-6.8;27.3
GVE;200704;9.5;84.59;39;230;969.0;25.9;1.3;14.3;0;23.1;60.6;0;286.0;75;1.6;-3.4;15.6
GVE;200705;12.0;64.28;65;213;964.8;30.7;3.6;15.3;0;120.9;70.0;0;196.3;45;2.3;-1.6;20.6
GVE;200706;14.6;82.74;63;246;965.7;30.3;7.6;18.6;0;170.7;69.3;0;228.5;52;2.3;3.0;29.9
GVE;200707;14.1;99.50;52;232;968.2;31.0;8.5;18.9;0;132.1;66.9;0;237.9;54;2.2;4.0;20.3
GVE;200708;15.1;75.89;54;200;967.2;32.1;9.7;18.7;0;152.8;71.3;0;223.8;55;1.9;4.8;33.1
GVE;200709;11.6;63.65;47;184;970.9;26.6;5.4;14.7;0;88.3;70.8;0;243.9;70;2.5;0.6;30.8
GVE;200710;10.2;23.89;62;104;972.3;21.0;2.9;10.8;0;17.4;75.9;0;144.5;47;2.9;-;38.4
GVE;200711;6.4;12.86;58;62;970.9;14.1;-4.2;4.2;0;69.0;76.0;0;105.8;42;2.5;-;42.2
GVE;200712;5.8;3.99;79;32;975.0;11.5;-6.5;2.3;0;88.3;79.1;0;40.8;17;2.8;-10.7;28.0
GVE;200801;6.4;3.63;61;58;972.5;13.1;-5.5;3.8;0;74.6;79.2;0;112.4;45;1.9;-9.2;37.4
GVE;200802;6.0;9.06;41;102;977.4;15.8;-5.5;3.9;0;29.8;73.9;0;172.9;63;1.8;-9.8;36.8
GVE;200803;6.1;30.59;68;133;962.2;18.8;-4.8;6.0;8;79.2;64.0;0;140.0;41;3.9;-9.8;19.3
GVE;200804;7.8;51.39;70;174;963.1;22.9;-0.5;9.2;0;144.2;68.6;0;166.9;44;2.3;-6.7;14.7
GVE;200805;12.0;69.94;71;215;964.7;24.9;5.2;15.8;0;79.9;68.3;0;203.1;47;2.0;0.3;15.4
GVE;200806;14.1;91.10;55;231;968.1;32.2;7.4;18.5;0;60.3;68.4;0;217.2;50;1.8;2.6;20.3
GVE;200807;14.5;120.40;47;255;968.2;32.1;10.4;20.0;0;113.2;63.9;0;285.1;64;2.1;4.5;27.5
GVE;200808;15.0;83.29;54;213;967.6;30.4;8.1;19.3;0;90.6;68.7;0;250.8;62;1.9;3.1;28.9
GVE;200809;12.0;40.88;62;143;968.5;27.0;3.6;14.1;0;214.6;74.0;0;160.6;46;2.5;-0.3;36.6
GVE;200810;10.7;18.48;71;90;970.1;22.1;0.6;11.2;0;86.8;79.4;0;115.3;37;1.9;-2.5;40.6
GVE;200811;7.6;9.74;69;58;966.7;15.2;-4.7;6.3;2;43.6;78.0;0;84.5;34;2.1;-8.3;41.7
GVE;200812;5.6;4.04;73;36;968.8;8.9;-8.1;1.6;11;118.1;80.7;2;50.9;21;2.4;-11.5;45.2
GVE;200901;4.9;1.80;84;36;965.5;9.8;-7.9;-0.2;4;68.9;80.6;1;35.4;14;2.3;-9.8;51.0
GVE;200902;5.2;8.17;67;92;965.8;12.8;-6.0;1.8;7;54.4;74.3;0;115.5;44;2.0;-9.7;33.6
GVE;200903;6.1;35.86;62;143;967.0;17.0;-3.4;6.3;0;49.6;64.8;0;171.0;50;3.2;-7.1;18.1
GVE;200904;8.9;66.58;58;206;964.5;22.4;3.6;12.4;0;36.0;63.8;0;232.5;61;2.1;-2.0;20.0
GVE;200905;11.6;97.65;56;245;970.1;33.8;4.5;17.0;0;28.9;61.7;0;257.5;59;2.4;-1.9;17.4
GVE;200906;13.4;99.71;55;275;967.6;31.0;9.1;18.2;0;93.6;64.9;0;257.5;59;2.9;-;24.9
GVE;200907;14.8;105.36;53;259;968.9;32.1;9.6;20.5;0;84.0;63.2;0;251.9;58;2.1;8.2;22.3
GVE;200908;15.6;107.14;40;251;970.0;36.2;9.9;21.2;0;66.5;64.6;0;288.5;73;2.0;7.7;16.3
GVE;200909;14.0;42.42;57;167;971.0;28.1;6.6;16.6;0;61.7;75.2;0;179.3;54;2.1;4.2;28.9
GVE;200910;9.8;28.61;56;110;969.8;26.8;-2.1;10.6;0;38.4;74.8;0;148.5;49;2.2;-3.3;31.4
GVE;200911;9.0;5.31;79;45;965.1;18.2;-2.5;7.8;0;149.7;84.4;0;39.1;16;2.5;-4.0;44.0
GVE;200912;6.1;3.72;81;33;960.8;11.0;-12.6;2.3;7;154.7;81.3;0;37.6;16;2.1;-14.9;35.4
GVE;201001;5.0;2.25;81;43;964.8;8.7;-9.0;-0.4;29;47.1;82.3;3;46.9;19;1.9;-11.4;37.8
GVE;201002;5.6;3.94;81;70;957.8;14.0;-9.3;2.0;9;96.5;76.6;1;50.6;20;2.6;-10.5;37.5
GVE;201003;6.3;27.85;69;137;968.2;21.0;-6.2;5.6;1;61.4;66.0;0;145.7;44;3.6;-8.4;14.9
GVE;201004;7.9;68.43;55;219;969.0;26.8;-0.6;11.0;0;21.8;61.7;0;220.6;60;2.7;-2.7;21.0
GVE;201005;10.4;51.24;73;197;965.3;28.6;3.6;13.0;0;108.0;71.2;0;129.7;30;3.0;1.3;20.1
GVE;201006;14.2;73.88;62;245;966.2;29.8;6.1;17.6;0;77.2;71.6;0;206.9;48;2.6;4.0;26.9
GVE;201007;15.4;134.54;46;282;969.6;35.6;9.2;22.1;0;13.5;60.2;0;304.7;70;2.1;7.0;19.1
GVE;201008;15.0;71.87;57;211;968.7;31.9;7.4;18.7;0;122.1;70.6;0;210.0;53;2.1;5.7;29.9
GVE;201009;11.8;49.50;56;177;968.1;25.8;2.2;14.4;0;36.2;73.3;0;202.8;61;1.9;0.7;28.4
GVE;201010;9.7;20.69;70;97;965.9;23.5;-1.5;10.1;0;31.0;77.1;0;119.8;40;2.6;-3.4;27.7
GVE;201011;7.9;8.50;77;56;960.4;19.5;-9.2;6.3;33;101.8;80.4;1;71.6;29;2.5;-12.2;43.3
GVE;201012;5.4;5.23;74;40;963.9;14.4;-10.8;0.3;39;95.4;82.5;6;67.8;29;2.5;-14.8;33.4
GVE;201101;6.0;3.23;66;52;970.5;15.6;-5.9;2.5;0;44.5;78.1;0;84.8;35;2.6;-8.5;47.1
GVE;201102;5.9;5.47;62;88;969.9;14.9;-6.8;3.1;0;16.3;77.8;0;115.1;45;1.6;-9.5;24.2
GVE;201103;6.9;31.55;57;150;971.2;20.4;-3.8;7.2;0;20.5;67.9;0;178.5;54;2.3;-6.1;21.8
GVE;201104;8.8;83.73;42;249;969.1;24.4;1.1;13.2;0;20.1;60.6;0;286.5;78;2.3;-1.9;17.0
GVE;201105;11.1;101.35;51;271;970.3;30.0;3.3;16.3;0;36.1;62.9;0;285.8;67;2.0;0.1;19.3
GVE;201106;13.5;77.35;64;241;969.3;33.3;7.3;17.8;0;64.7;67.9;0;191.5;44;2.4;5.6;28.8
GVE;201107;13.0;101.69;56;251;966.2;30.9;7.5;17.8;0;102.1;66.2;0;235.4;54;2.1;5.3;19.7
GVE;201108;15.5;87.13;47;243;968.4;34.2;7.5;20.2;0;70.5;67.3;0;259.2;66;1.9;5.6;25.0
GVE;201109;15.0;45.13;50;182;970.8;29.7;6.1;17.2;0;44.5;77.1;0;223.9;67;1.7;4.2;23.3
GVE;201110;10.7;21.40;57;115;973.1;23.6;-0.1;11.0;0;36.0;81.3;0;157.6;52;1.7;-2.1;41.9
GVE;201111;8.7;5.90;71;54;972.4;16.3;-2.4;6.5;0;18.9;87.6;0;77.2;32;1.1;-4.6;43.7
GVE;201112;6.9;3.73;74;37;971.9;15.8;-5.0;4.2;5;144.8;83.4;0;54.7;24;3.0;-7.2;44.9
GVE;201201;6.3;2.39;70;43;975.3;11.0;-7.8;2.9;9;82.4;82.3;0;61.1;25;2.3;-9.4;46.0
GVE;201202;3.8;10.33;48;104;975.4;13.9;-11.4;-2.1;0;0.4;66.8;0;142.1;53;4.0;-13.7;30.3
GVE;201203;6.6;49.36;34;187;976.4;22.0;-3.5;8.6;0;13.7;61.5;0;265.7;81;2.7;-6.3;17.3
GVE;201204;8.4;36.66;76;166;958.5;26.1;-0.9;10.2;0;112.2;68.7;0;112.4;31;3.7;-3.2;16.0
GVE;201205;11.3;84.30;58;262;967.7;30.0;1.2;15.1;0;76.4;66.7;0;251.3;59;2.5;-1.5;21.0
GVE;201206;14.4;92.48;59;261;967.6;33.0;7.0;19.1;0;95.0;67.5;0;230.0;53;2.5;4.8;22.1
GVE;201207;14.0;115.98;51;260;968.9;34.5;7.9;19.8;0;45.8;63.1;0;267.4;61;2.6;6.2;22.3
GVE;201208;16.0;93.93;48;235;969.8;34.5;8.9;20.7;0;81.7;67.7;0;273.9;70;1.7;6.4;23.5
GVE;201209;13.4;36.77;66;149;968.7;28.9;3.8;15.5;0;77.5;76.2;0;150.1;45;2.4;0.9;28.0
GVE;201210;11.1;15.65;70;89;965.6;23.1;-2.6;11.2;0;49.8;81.4;0;93.9;31;2.0;-5.8;37.2
GVE;201211;8.4;6.90;82;45;966.1;16.7;-0.6;7.0;0;180.7;83.8;0;49.9;20;2.2;-3.4;42.2
GVE;201212;6.3;3.45;75;32;968.2;12.9;-8.3;3.0;21;154.7;81.9;2;39.3;17;2.6;-9.5;45.0
GVE;201301;5.6;2.48;72;44;967.2;11.9;-7.6;1.3;18;51.8;81.3;2;66.5;27;2.0;-10.8;48.2
GVE;201302;4.8;5.01;74;80;965.7;9.8;-10.0;0.4;32;60.7;74.8;4;68.6;27;2.7;-13.0;41.1
GVE;201303;6.2;17.75;77;105;958.5;14.5;-6.3;4.2;2;77.9;74.6;0;92.1;28;2.3;-9.6;23.3
GVE;201304;8.6;42.08;69;175;966.3;25.5;0.3;10.3;0;106.8;70.1;0;139.1;38;2.8;-2.7;22.6
GVE;201305;10.0;39.75;79;190;964.7;23.6;2.3;11.5;0;112.6;74.4;0;119.5;28;2.2;-0.5;30.5
GVE;201306;13.3;80.27;58;265;970.0;31.5;7.5;17.0;0;55.4;69.5;0;223.4;51;2.3;5.0;26.3
GVE;201307;16.6;116.66;40;288;970.8;34.3;9.9;21.5;0;126.3;67.0;0;312.0;72;2.1;7.2;25.7
GVE;201308;15.3;100.43;38;253;970.1;32.7;9.8;20.0;0;36.1;67.3;0;293.2;75;2.0;7.0;30.7
GVE;201309;13.5;45.57;59;175;969.3;30.1;7.5;15.9;0;70.0;75.7;0;188.3;57;1.9;4.5;26.8
GVE;201310;12.4;12.86;74;88;969.7;22.7;2.6;12.8;0;139.8;83.0;0;85.4;28;2.0;0.4;35.2
GVE;201311;7.4;10.06;74;53;967.9;18.8;-5.2;5.9;6;108.4;76.4;0;66.6;27;3.9;-7.4;43.5
GVE;201312;5.9;3.89;70;39;975.2;15.1;-6.6;1.5;0;101.4;86.8;0;68.1;29;1.9;-8.4;34.6
GVE;201401;6.9;2.30;74;47;963.3;12.9;-3.8;4.1;0;92.6;83.2;0;62.0;25;1.8;-5.8;44.4
GVE;201402;6.8;4.55;76;72;963.1;15.0;-3.5;4.8;0;121.2;80.0;0;76.3;30;2.4;-5.8;31.7
GVE;201403;7.0;34.82;51;168;968.4;22.5;-1.2;7.8;0;39.3;68.2;0;213.2;65;2.1;-4.1;16.0
GVE;201404;9.0;56.70;57;205;966.2;23.6;0.9;11.8;0;60.1;66.5;0;196.0;53;2.3;-1.9;18.1
GVE;201405;10.2;69.61;64;239;968.2;25.3;2.7;13.5;0;73.4;67.5;0;195.2;46;3.2;0.0;24.7
GVE;201406;13.4;118.91;51;291;968.4;33.4;7.3;19.1;0;54.6;62.4;0;294.1;68;2.4;4.3;23.4
GVE;201407;16.1;56.17;71;203;967.5;30.7;8.9;18.4;0;175.5;77.4;0;160.6;37;1.9;6.2;22.4
GVE;201408;14.5;62.07;63;214;967.9;29.2;8.3;18.0;0;52.8;71.2;0;188.6;48;2.1;5.8;34.5
GVE;201409;14.2;50.10;54;189;969.6;28.4;6.8;16.7;0;40.1;75.1;0;217.0;65;2.2;4.0;39.2
GVE;201410;12.8;19.56;59;112;970.1;24.6;2.5;13.7;0;141.7;81.0;0;147.2;49;1.7;0.2;36.1
GVE;201411;9.4;5.24;81;41;964.0;18.0;1.6;8.2;0;107.6;86.3;0;46.8;19;1.4;-1.5;41.1
GVE;201412;6.6;4.59;71;40;972.7;13.9;-4.1;4.3;7;45.7;79.0;0;63.3;27;2.6;-6.3;37.9
GVE;201501;6.0;2.44;71;42;971.4;15.9;-5.9;2.6;16;80.6;80.0;1;54.4;22;2.5;-7.4;41.7
GVE;201502;5.3;5.55;66;78;967.4;11.9;-5.7;1.7;7;52.2;76.0;1;82.0;32;3.0;-8.3;22.4
GVE;201503;6.9;27.73;61;141;971.6;17.7;-2.7;7.3;0;52.0;67.4;0;161.1;49;2.8;-5.7;23.8
GVE;201504;7.9;70.78;54;214;971.8;23.5;-0.8;11.2;0;63.5;60.3;0;208.7;57;3.0;-4.4;15.6
GVE;201505;10.9;89.83;61;243;968.9;30.0;5.9;15.3;0;96.1;64.5;0;234.5;55;2.9;2.0;19.5
GVE;201506;14.0;109.50;56;289;970.7;32.0;8.7;19.9;0;44.9;62.7;0;263.4;61;2.5;5.3;14.2
GVE;201507;14.9;171.55;36;300;969.0;39.7;10.6;24.2;0;28.7;51.4;0;331.6;76;2.6;7.3;12.9
GVE;201508;15.8;86.77;51;223;968.7;35.8;9.6;20.8;0;63.4;66.4;0;229.6;58;2.0;6.8;20.7
GVE;201509;11.6;46.15;55;169;969.2;26.8;4.6;14.8;0;117.8;70.0;0;166.2;50;2.7;2.1;31.5
GVE;201510;10.2;14.84;77;92;969.3;18.5;1.7;10.1;0;35.6;82.0;0;90.1;30;1.7;-0.8;45.0
GVE;201511;8.5;9.80;62;66;974.8;20.0;-4.2;7.1;2;37.3;83.1;0;112.6;46;1.9;-6.9;34.8
GVE;201512;7.4;2.66;75;37;981.3;13.0;-3.5;3.9;0;13.4;91.2;0;61.2;26;1.2;-6.2;51.3
GVE;201601;6.9;2.04;79;45;968.4;13.0;-4.3;4.2;7;165.5;82.9;0;56.2;23;2.5;-7.3;36.2
GVE;201602;6.7;3.67;80;62;965.9;17.4;-2.6;5.0;3;81.7;77.1;0;43.3;16;3.2;-5.7;37.1
GVE;201603;6.4;27.21;60;143;965.3;20.1;-4.2;5.7;2;38.9;70.2;0;156.1;47;3.1;-7.4;31.5
GVE;201604;8.5;40.72;74;170;965.0;21.1;-0.4;10.0;0;93.5;69.5;0;130.5;36;2.6;-4.1;22.7
GVE;201605;10.7;63.08;66;230;966.0;27.5;2.0;13.3;0;76.7;71.2;0;187.8;44;2.6;-0.9;19.2
GVE;201606;14.5;67.30;63;246;967.8;32.0;8.6;17.7;0;132.6;73.3;0;191.1;44;2.3;5.6;30.8
GVE;201607;15.8;117.76;43;282;970.8;33.5;8.1;20.8;0;63.3;66.3;0;301.2;69;2.1;5.4;21.1
GVE;201608;14.8;105.06;39;250;972.1;33.5;8.4;20.4;0;21.2;64.2;0;287.4;73;1.9;5.3;22.4
GVE;201609;14.1;59.86;50;189;971.1;30.2;7.6;18.0;0;33.2;70.4;0;228.3;69;2.0;5.7;25.3
GVE;201610;9.7;20.22;66;97;971.6;19.6;0.1;9.9;0;89.7;79.4;0;122.2;41;2.1;-2.6;35.8
GVE;201611;7.9;8.41;75;54;968.0;16.5;-3.6;6.2;0;89.0;81.9;0;72.0;30;2.5;-7.1;36.2
GVE;201612;6.1;2.39;78;34;981.4;10.0;-5.8;1.4;0;0.2;90.3;0;44.2;19;1.4;-8.4;55.9
GVE;201701;4.6;2.23;81;41;974.0;7.8;-7.5;-1.2;11;25.4;81.0;1;40.6;17;2.6;-10.2;40.7
GVE;201702;6.6;6.82;69;87;969.8;19.3;-3.9;4.8;0;51.6;78.2;0;104.6;41;2.4;-6.7;20.4
GVE;201703;8.0;28.65;68;152;969.9;21.5;-1.6;8.7;1;56.7;73.0;0;170.5;52;2.6;-4.0;25.0
GVE;201704;7.5;79.42;41;238;970.7;25.0;-0.8;10.5;0;40.0;61.5;0;261.0;71;3.1;-3.3;12.7
GVE;201705;11.9;77.77;62;249;969.2;30.8;3.0;15.0;0;80.9;71.9;0;242.0;57;2.2;0.5;23.5
GVE;201706;16.0;104.67;49;289;968.3;34.3;7.1;20.9;0;77.3;66.4;0;280.2;64;2.6;4.5;29.8
GVE;201707;15.6;108.57;61;264;969.3;34.0;12.2;21.4;0;40.4;63.9;0;245.8;56;2.5;8.8;22.8
GVE;201708;16.1;91.65;55;232;970.4;36.5;9.5;21.2;0;62.1;66.6;0;253.8;65;2.0;6.4;24.9
GVE;201709;11.8;41.01;65;170;969.5;27.5;3.9;14.1;0;43.8;75.1;0;177.5;54;2.0;0.7;34.2
GVE;201710;10.4;29.10;50;131;974.8;23.5;0.9;11.8;0;18.0;76.5;0;200.0;67;1.8;-1.5;28.0
GVE;201711;7.2;9.25;74;56;970.1;17.1;-2.8;5.7;1;63.8;77.8;0;74.9;31;2.8;-5.5;37.7
GVE;201712;6.2;3.44;79;34;970.5;10.9;-4.9;2.5;6;133.0;84.0;0;38.7;17;2.7;-8.7;43.8
GVE;201801;7.9;1.62;86;36;969.6;13.7;-1.4;6.0;0;173.5;84.4;0;34.2;14;3.3;-3.4;45.7
GVE;201802;5.1;5.34;81;68;965.2;10.1;-8.9;1.2;15;28.9;73.2;0;60.1;23;3.3;-10.0;28.4
GVE;201803;7.0;17.05;75;118;956.8;15.5;-3.4;5.3;9;105.4;79.2;2;92.9;28;2.8;-8.1;29.1
GVE;201804;9.5;62.58;56;220;965.5;27.5;-1.0;13.3;0;19.0;64.5;0;214.1;58;2.3;-3.0;17.6
GVE;201805;13.1;51.70;66;230;966.7;26.2;6.3;15.5;0;97.5;75.8;0;187.3;44;2.2;3.3;28.2
GVE;201806;15.1;108.45;49;305;968.2;30.8;11.1;19.7;0;93.3;67.7;0;295.7;68;2.9;8.3;25.0
GVE;201807;16.1;136.67;41;304;968.0;33.4;11.3;22.3;0;49.0;63.0;0;334.8;77;2.1;8.3;22.2
GVE;201808;16.4;100.31;48;245;969.9;34.8;8.3;21.7;0;62.5;65.2;0;277.1;70;2.1;4.9;22.6
GVE;201809;13.4;67.28;42;200;972.9;31.4;5.3;17.9;0;22.3;66.8;0;248.8;75;2.3;2.9;18.5
GVE;201810;10.7;28.69;54;114;969.0;23.1;1.8;12.3;0;27.9;75.3;0;172.7;58;2.3;0.0;27.6
GVE;201811;9.0;3.27;88;40;968.1;15.7;-0.7;6.9;6;72.6;89.0;0;27.2;11;1.6;-2.2;64.2
GVE;201812;7.6;2.71;81;34;974.6;14.4;-3.6;4.9;0;112.4;86.0;0;33.9;15;2.3;-5.8;49.5
GVE;201901;5.4;3.43;74;52;969.1;8.0;-7.1;1.8;11;42.6;77.2;0;80.3;33;2.6;-9.7;37.3
GVE;201902;6.0;10.05;44;108;975.6;20.1;-3.7;3.9;3;40.2;76.4;0;168.9;66;1.9;-5.9;24.8
GVE;201903;6.7;41.81;51;159;972.9;19.9;-1.9;8.2;0;57.4;63.6;0;192.8;59;3.7;-4.5;18.6
GVE;201904;8.0;55.47;65;208;964.8;23.8;-0.2;10.3;6;63.1;66.1;0;192.5;52;2.7;-4.0;21.0
GVE;201905;9.6;79.44;58;243;966.7;24.3;-0.2;12.4;0;40.7;67.9;0;223.7;53;3.3;-3.2;18.1
GVE;201906;15.4;105.05;50;284;968.7;35.5;8.2;19.9;0;112.0;67.8;0;285.7;66;2.0;5.7;17.5
GVE;201907;15.9;134.12;48;286;967.7;36.3;12.9;22.6;0;44.4;60.1;0;303.5;70;2.3;9.8;22.8
GVE;201908;16.2;84.71;55;237;969.9;34.4;9.7;20.6;0;60.4;69.1;0;248.3;63;2.1;6.9;20.0
GVE;201909;12.9;56.81;50;183;971.5;29.3;7.1;17.2;0;25.0;67.0;0;201.7;61;2.7;4.4;22.0
GVE;201910;12.4;17.95;72;95;968.8;26.0;4.0;13.2;0;102.2;82.4;0;111.0;37;2.1;1.1;33.3
GVE;201911;8.4;5.31;76;51;958.8;17.1;-1.4;6.3;0;114.1;86.7;0;52.0;21;2.2;-3.4;46.5
GVE;201912;7.4;3.72;77;36;968.4;14.4;-3.5;4.9;0;140.1;84.3;0;52.6;23;2.6;-5.6;46.3
GVE;202001;6.4;3.32;54;56;977.5;14.0;-4.6;3.1;0;28.9;83.5;0;114.4;47;2.2;-7.0;33.7
GVE;202002;7.2;8.65;62;91;973.6;19.9;-3.7;7.1;0;64.0;71.1;0;126.7;47;3.7;-6.3;23.0
GVE;202003;6.9;34.44;57;155;968.5;19.3;-1.8;7.4;0;77.6;66.8;0;183.5;56;3.1;-4.3;25.5
GVE;202004;8.8;76.64;43;235;967.9;24.3;-2.1;13.0;0;37.5;60.7;0;252.1;69;2.1;-5.3;18.5
GVE;202005;11.3;98.06;53;267;969.9;29.3;5.4;15.6;0;78.1;66.5;0;263.2;62;3.2;2.7;16.6
GVE;202006;14.2;79.47;61;251;966.4;30.6;9.0;17.9;0;92.1;71.3;0;209.7;48;2.3;5.2;27.8
GVE;202007;14.6;146.09;41;298;969.7;35.5;11.9;22.2;0;16.9;56.9;0;312.4;72;2.3;8.2;18.5
GVE;202008;15.8;93.60;53;234;967.6;35.2;9.0;21.2;0;93.4;65.8;0;245.3;62;2.1;6.7;19.5
GVE;202009;14.3;52.82;53;184;969.5;29.7;5.2;17.3;0;60.6;73.5;0;210.5;63;2.1;3.1;29.0
GVE;202010;10.2;12.79;81;86;967.0;19.7;1.7;10.3;0;153.3;81.9;0;80.4;27;2.5;-1.0;41.3
GVE;202011;8.5;6.66;67;54;976.2;22.1;-3.8;6.8;0;15.8;85.2;0;74.3;30;1.7;-5.8;40.2
GVE;202012;7.0;3.24;79;36;961.9;13.9;-5.6;3.9;1;75.6;84.9;0;40.9;18;2.2;-7.7;43.8
GVE;202101;6.0;2.18;83;42;964.7;12.4;-6.5;2.3;19;96.1;80.9;1;48.5;20;2.6;-8.6;41.8
GVE;202102;7.0;6.92;65;90;969.8;16.5;-4.8;5.5;5;30.7;76.5;0;100.4;39;2.8;-6.8;35.6
GVE;202103;6.2;42.07;52;174;973.7;21.6;-2.7;6.7;0;36.4;64.7;0;217.3;67;3.2;-5.1;23.8
GVE;202104;6.7;81.54;45;233;968.6;22.6;-4.0;9.4;0;23.1;56.8;0;243.5;66;3.6;-6.8;11.7
GVE;202105;9.5;67.86;66;225;967.1;27.8;1.2;12.3;0;122.2;69.1;0;188.6;44;2.7;-1.7;22.6
GVE;202106;15.7;83.76;57;279;969.5;31.6;9.4;19.9;0;106.3;70.0;0;240.7;56;2.2;6.1;24.3
GVE;202107;16.3;75.45;58;245;967.8;29.2;11.7;19.6;0;132.3;73.6;0;220.3;51;2.4;9.2;30.1
GVE;202108;15.0;80.02;47;235;969.2;32.2;9.3;18.8;0;54.1;70.4;0;249.6;64;2.4;6.3;30.7
GVE;202109;14.6;42.87;60;170;971.2;28.5;6.5;17.2;0;36.7;75.8;0;187.2;57;1.7;3.8;30.6
GVE;202110;10.0;24.54;56;116;971.9;23.5;0.5;10.4;0;80.6;79.4;0;167.3;58;2.1;-1.8;38.8
GVE;202111;7.4;6.38;73;51;968.1;13.6;-5.5;5.2;0;19.4;82.8;0;53.1;22;2.4;-7.7;48.8
GVE;202112;6.8;2.54;84;29;969.2;14.9;-5.4;3.0;6;129.2;87.7;0;34.0;15;1.9;-7.7;51.4
GVE;202201;5.5;3.75;60;59;977.8;16.1;-6.3;2.0;2;27.5;78.1;0;108.0;45;2.8;-8.1;36.0
GVE;202202;6.2;10.23;53;106;974.8;18.2;-4.7;5.1;0;48.9;71.5;0;150.3;61;2.7;-6.7;24.3
GVE;202203;6.3;38.74;47;163;972.4;20.5;-5.2;7.4;0;18.4;62.7;0;207.7;64;1.9;-7.5;15.4
GVE;202204;8.0;65.03;62;211;965.1;22.8;-1.1;10.3;2;54.0;64.9;0;216.9;59;2.9;-4.1;21.1
GVE;202205;12.1;103.78;54;272;969.7;31.5;4.3;17.6;0;12.0;62.4;0;285.8;67;2.7;1.6;22.0
GVE;202206;15.0;114.31;49;276;968.5;35.5;8.1;21.2;0;63.9;62.8;0;268.7;62;2.4;6.2;21.3
GVE;202207;13.9;191.46;30;314;971.4;38.1;12.1;23.6;0;5.0;50.8;0;374.5;86;2.7;9.8;14.3
GVE;202208;15.2;123.54;44;245;967.8;38.3;12.8;22.3;0;48.0;60.0;0;285.4;73;2.3;11.2;18.4
GVE;202209;13.3;47.22;56;173;966.8;29.6;4.5;15.9;0;120.1;73.3;0;179.0;54;2.4;2.7;35.4
GVE;202210;14.0;18.73;63;111;973.2;24.2;7.4;14.7;0;76.8;84.4;0;155.5;54;1.6;4.9;43.7
GVE;202211;9.2;7.35;73;54;968.2;17.8;-0.5;8.2;0;106.5;83.5;0;71.1;29;1.9;-2.2;44.0
GVE;202212;7.4;3.64;80;30;967.1;16.1;-4.6;5.1;7;112.7;81.6;1;39.8;17;2.2;-6.1;47.4
GVE;202301;6.4;2.74;80;36;970.6;16.6;-6.2;3.9;1;70.3;76.3;0;55.4;23;3.1;-7.9;42.3
GVE;202302;5.8;9.71;44;115;977.8;16.6;-6.3;3.8;0;0.5;72.1;0;183.1;74;2.4;-8.4;36.1
GVE;202303;7.3;24.02;72;125;966.0;21.2;-3.5;8.2;0;89.3;67.8;0;126.3;39;3.2;-6.4;14.6
GVE;202304;8.5;40.36;70;174;967.2;23.7;-1.3;9.7;0;51.4;69.9;0;134.9;37;3.0;-4.2;21.7
GVE;202305;11.7;70.27;61;242;968.3;26.0;6.4;15.4;0;18.0;68.2;0;211.4;50;2.8;3.5;27.8
GVE;202306;14.0;131.34;46;283;967.6;32.3;11.0;21.0;0;74.2;58.9;0;297.2;69;2.1;8.8;13.7
GVE;202307;15.1;132.51;50;271;968.1;37.4;10.3;22.6;0;31.7;57.3;0;276.4;64;2.6;8.2;21.0
GVE;202308;14.8;99.78;55;213;968.1;39.3;8.8;22.1;0;69.5;58.5;0;218.1;56;2.4;7.1;18.7
GVE;202309;15.5;63.16;47;192;970.1;31.2;6.6;19.1;0;98.2;71.9;0;259.1;79;1.7;3.4;23.4
GVE;202310;12.2;27.03;63;110;966.1;26.0;3.4;14.0;0;200.2;76.8;0;158.9;55;2.4;0.3;32.6
GVE;202311;8.2;7.81;77;48;964.3;16.0;-3.9;7.1;0;192.2;79.8;0;63.1;26;3.0;-6.6;43.0
GVE;202312;7.4;4.47;72;39;971.1;14.2;-4.1;4.9;0;120.9;83.5;0;75.4;33;2.2;-6.5;34.1
GVE;202401;6.7;2.19;79;44;972.1;15.3;-6.6;3.7;15;103.3;81.6;1;57.8;24;2.7;-8.0;46.1